Position	Counts A	Counts B	Counts AB
3.00999999	319051.00000000	0.00000000	0.00000000
3.01999998	353985.00000000	0.00000000	0.00000000
3.02999997	321635.00000000	0.00000000	0.00000000
3.03999996	218687.00000000	0.00000000	0.00000000
3.04999995	220776.00000000	0.00000000	0.00000000
3.05999994	148944.00000000	0.00000000	0.00000000
3.06999993	101958.00000000	0.00000000	0.00000000
3.07999992	67887.00000000	0.00000000	0.00000000
3.08999991	47591.00000000	0.00000000	0.00000000
3.09999990	45870.00000000	0.00000000	0.00000000
3.10999990	62721.00000000	0.00000000	0.00000000
3.11999989	94086.00000000	0.00000000	0.00000000
3.12999988	201953.00000000	0.00000000	0.00000000
3.13999987	211920.00000000	0.00000000	0.00000000
3.14999986	271944.00000000	0.00000000	0.00000000
3.15999985	320282.00000000	0.00000000	0.00000000
3.16999984	377109.00000000	0.00000000	0.00000000
3.17999983	381290.00000000	0.00000000	0.00000000
3.18999982	394329.00000000	0.00000000	0.00000000
3.19999981	389039.00000000	0.00000000	0.00000000
3.20999980	370467.00000000	0.00000000	0.00000000
3.21999979	326802.00000000	0.00000000	0.00000000
3.22999978	283505.00000000	0.00000000	0.00000000
3.23999977	229755.00000000	0.00000000	0.00000000
3.24999976	176496.00000000	0.00000000	0.00000000
3.25999975	122253.00000000	0.00000000	0.00000000
3.26999974	78833.00000000	0.00000000	0.00000000
3.27999973	53004.00000000	0.00000000	0.00000000
3.28999972	45255.00000000	0.00000000	0.00000000
3.29999971	63704.00000000	0.00000000	0.00000000
3.30999970	96423.00000000	0.00000000	0.00000000
3.31999969	144762.00000000	0.00000000	0.00000000
3.32999969	187689.00000000	0.00000000	0.00000000
3.33999968	242177.00000000	0.00000000	0.00000000
3.34999967	288426.00000000	0.00000000	0.00000000
3.35999966	391376.00000000	0.00000000	0.00000000
3.36999965	364809.00000000	0.00000000	0.00000000
3.37999964	399741.00000000	0.00000000	0.00000000
3.38999963	390639.00000000	0.00000000	0.00000000
3.39999962	338611.00000000	0.00000000	0.00000000
3.40999961	338364.00000000	0.00000000	0.00000000
3.41999960	295067.00000000	0.00000000	0.00000000
3.42999959	242792.00000000	0.00000000	0.00000000
3.43999958	189164.00000000	0.00000000	0.00000000
3.44999957	73918.00000000	0.00000000	0.00000000
3.45999956	86951.00000000	0.00000000	0.00000000
3.46999955	52635.00000000	0.00000000	0.00000000
3.47999954	43286.00000000	0.00000000	0.00000000
3.48999953	47838.00000000	0.00000000	0.00000000
3.49999952	64443.00000000	0.00000000	0.00000000
3.50999951	97161.00000000	0.00000000	0.00000000
3.51999950	148206.00000000	0.00000000	0.00000000
3.52999949	258534.00000000	0.00000000	0.00000000
3.53999949	261735.00000000	0.00000000	0.00000000
3.54999948	329631.00000000	0.00000000	0.00000000
3.55999947	370221.00000000	0.00000000	0.00000000
3.56999946	390024.00000000	0.00000000	0.00000000
3.57999945	389531.00000000	0.00000000	0.00000000
3.58999944	369360.00000000	0.00000000	0.00000000
3.59999943	332337.00000000	0.00000000	0.00000000
3.60999942	260997.00000000	0.00000000	0.00000000
3.61999941	182524.00000000	0.00000000	0.00000000
3.62999940	153372.00000000	0.00000000	0.00000000
3.63999939	105648.00000000	0.00000000	0.00000000
3.64999938	67641.00000000	0.00000000	0.00000000
3.65999937	47100.00000000	0.00000000	0.00000000
3.66999936	46361.00000000	0.00000000	0.00000000
3.67999935	62598.00000000	0.00000000	0.00000000
3.68999934	94332.00000000	0.00000000	0.00000000
3.69999933	199739.00000000	0.00000000	0.00000000
3.70999932	198268.00000000	0.00000000	0.00000000
3.71999931	269115.00000000	0.00000000	0.00000000
3.72999930	321390.00000000	0.00000000	0.00000000
3.73999929	402938.00000000	0.00000000	0.00000000
3.74999928	378708.00000000	0.00000000	0.00000000
3.75999928	402324.00000000	0.00000000	0.00000000
3.76999927	389409.00000000	0.00000000	0.00000000
3.77999926	383504.00000000	0.00000000	0.00000000
3.78999925	322374.00000000	0.00000000	0.00000000
3.79999924	279939.00000000	0.00000000	0.00000000
3.80999923	223604.00000000	0.00000000	0.00000000
3.81999922	173052.00000000	0.00000000	0.00000000
3.82999921	125205.00000000	0.00000000	0.00000000
3.83999920	85968.00000000	0.00000000	0.00000000
3.84999919	59030.00000000	0.00000000	0.00000000
3.85999918	45624.00000000	0.00000000	0.00000000
3.86999917	58907.00000000	0.00000000	0.00000000
3.87999916	87690.00000000	0.00000000	0.00000000
3.88999915	129756.00000000	0.00000000	0.00000000
3.89999914	181908.00000000	0.00000000	0.00000000
3.90999913	298755.00000000	0.00000000	0.00000000
3.91999912	285967.00000000	0.00000000	0.00000000
3.92999911	372433.00000000	0.00000000	0.00000000
3.93999910	362349.00000000	0.00000000	0.00000000
3.94999909	390516.00000000	0.00000000	0.00000000
3.95999908	388548.00000000	0.00000000	0.00000000
3.96999907	346728.00000000	0.00000000	0.00000000
3.97999907	342300.00000000	0.00000000	0.00000000
3.98999906	298757.00000000	0.00000000	0.00000000
3.99999905	250419.00000000	0.00000000	0.00000000
4.00999928	186950.00000000	0.00000000	0.00000000
4.01999950	85356.00000000	0.00000000	0.00000000
4.02999973	82524.00000000	0.00000000	0.00000000
4.03999996	57063.00000000	0.00000000	0.00000000
4.05000019	44763.00000000	0.00000000	0.00000000
4.06000042	47222.00000000	0.00000000	0.00000000
4.07000065	66288.00000000	0.00000000	0.00000000
4.08000088	97038.00000000	0.00000000	0.00000000
4.09000111	138858.00000000	0.00000000	0.00000000
4.10000134	254352.00000000	0.00000000	0.00000000
4.11000156	284366.00000000	0.00000000	0.00000000
4.12000179	308845.00000000	0.00000000	0.00000000
4.13000202	368129.00000000	0.00000000	0.00000000
4.14000225	394206.00000000	0.00000000	0.00000000
4.15000248	391376.00000000	0.00000000	0.00000000
4.16000271	375387.00000000	0.00000000	0.00000000
4.17000294	342915.00000000	0.00000000	0.00000000
4.18000317	270837.00000000	0.00000000	0.00000000
4.19000340	241808.00000000	0.00000000	0.00000000
4.20000362	154847.00000000	0.00000000	0.00000000
4.21000385	103557.00000000	0.00000000	0.00000000
4.22000408	66780.00000000	0.00000000	0.00000000
4.23000431	46362.00000000	0.00000000	0.00000000
4.24000454	48084.00000000	0.00000000	0.00000000
4.25000477	71699.00000000	0.00000000	0.00000000
4.26000500	114996.00000000	0.00000000	0.00000000
4.27000523	165918.00000000	0.00000000	0.00000000
4.28000546	276616.00000000	0.00000000	0.00000000
4.29000568	281908.00000000	0.00000000	0.00000000
4.30000591	327786.00000000	0.00000000	0.00000000
4.31000614	370467.00000000	0.00000000	0.00000000
4.32000637	391991.00000000	0.00000000	0.00000000
4.33000660	393837.00000000	0.00000000	0.00000000
4.34000683	357921.00000000	0.00000000	0.00000000
4.35000706	341070.00000000	0.00000000	0.00000000
4.36000729	293837.00000000	0.00000000	0.00000000
4.37000751	242178.00000000	0.00000000	0.00000000
4.38000774	143041.00000000	0.00000000	0.00000000
4.39000797	67399.00000000	0.00000000	0.00000000
4.40000820	97897.00000000	0.00000000	0.00000000
4.41000843	47100.00000000	0.00000000	0.00000000
4.42000866	44517.00000000	0.00000000	0.00000000
4.43000889	62597.00000000	0.00000000	0.00000000
4.44000912	91380.00000000	0.00000000	0.00000000
4.45000935	133446.00000000	0.00000000	0.00000000
4.46000957	177234.00000000	0.00000000	0.00000000
4.47000980	278461.00000000	0.00000000	0.00000000
4.48001003	269238.00000000	0.00000000	0.00000000
4.49001026	367514.00000000	0.00000000	0.00000000
4.50001049	358166.00000000	0.00000000	0.00000000
4.51001072	378339.00000000	0.00000000	0.00000000
4.52001095	389040.00000000	0.00000000	0.00000000
4.53001118	392360.00000000	0.00000000	0.00000000
4.54001141	350050.00000000	0.00000000	0.00000000
4.55001163	359889.00000000	0.00000000	0.00000000
4.56001186	348327.00000000	0.00000000	0.00000000
4.57001209	297035.00000000	0.00000000	0.00000000
4.58001232	260505.00000000	0.00000000	0.00000000
4.59001255	220899.00000000	0.00000000	0.00000000
4.60001278	178956.00000000	0.00000000	0.00000000
4.61001301	133323.00000000	0.00000000	0.00000000
4.62001324	90764.00000000	0.00000000	0.00000000
4.63001347	60753.00000000	0.00000000	0.00000000
4.64001369	47346.00000000	0.00000000	0.00000000
4.65001392	50790.00000000	0.00000000	0.00000000
4.66001415	89904.00000000	0.00000000	0.00000000
4.67001438	137013.00000000	0.00000000	0.00000000
4.68001461	193593.00000000	0.00000000	0.00000000
4.69001484	250910.00000000	0.00000000	0.00000000
4.70001507	296544.00000000	0.00000000	0.00000000
4.71001530	337134.00000000	0.00000000	0.00000000
4.72001553	368868.00000000	0.00000000	0.00000000
4.73001575	396419.00000000	0.00000000	0.00000000
4.74001598	382767.00000000	0.00000000	0.00000000
4.75001621	349311.00000000	0.00000000	0.00000000
4.76001644	305645.00000000	0.00000000	0.00000000
4.77001667	253002.00000000	0.00000000	0.00000000
4.78001690	136892.00000000	0.00000000	0.00000000
4.79001713	89784.00000000	0.00000000	0.00000000
4.80001736	106140.00000000	0.00000000	0.00000000
4.81001759	78217.00000000	0.00000000	0.00000000
4.82001781	45009.00000000	0.00000000	0.00000000
4.83001804	49928.00000000	0.00000000	0.00000000
4.84001827	70470.00000000	0.00000000	0.00000000
4.85001850	103926.00000000	0.00000000	0.00000000
4.86001873	146730.00000000	0.00000000	0.00000000
4.87001896	198267.00000000	0.00000000	0.00000000
4.88001919	265548.00000000	0.00000000	0.00000000
4.89001942	329016.00000000	0.00000000	0.00000000
4.90001965	352755.00000000	0.00000000	0.00000000
4.91001987	384981.00000000	0.00000000	0.00000000
4.92002010	396912.00000000	0.00000000	0.00000000
4.93002033	382398.00000000	0.00000000	0.00000000
4.94002056	356814.00000000	0.00000000	0.00000000
4.95002079	258169.00000000	0.00000000	0.00000000
4.96002102	210568.00000000	0.00000000	0.00000000
4.97002125	221882.00000000	0.00000000	0.00000000
4.98002148	140703.00000000	0.00000000	0.00000000
4.99002171	96792.00000000	0.00000000	0.00000000
5.00002193	65673.00000000	0.00000000	0.00000000
5.01002216	48452.00000000	0.00000000	0.00000000
5.02002239	47961.00000000	0.00000000	0.00000000
5.03002262	72561.00000000	0.00000000	0.00000000
5.04002285	108846.00000000	0.00000000	0.00000000
5.05002308	145377.00000000	0.00000000	0.00000000
5.06002331	184000.00000000	0.00000000	0.00000000
5.07002354	231969.00000000	0.00000000	0.00000000
5.08002377	312780.00000000	0.00000000	0.00000000
5.09002399	362349.00000000	0.00000000	0.00000000
5.10002422	396789.00000000	0.00000000	0.00000000
5.11002445	391745.00000000	0.00000000	0.00000000
5.12002468	389654.00000000	0.00000000	0.00000000
5.13002491	364193.00000000	0.00000000	0.00000000
5.14002514	346112.00000000	0.00000000	0.00000000
5.15002537	260135.00000000	0.00000000	0.00000000
5.16002560	200850.00000000	0.00000000	0.00000000
5.17002583	146361.00000000	0.00000000	0.00000000
5.18002605	98268.00000000	0.00000000	0.00000000
5.19002628	63213.00000000	0.00000000	0.00000000
5.20002651	47345.00000000	0.00000000	0.00000000
5.21002674	50052.00000000	0.00000000	0.00000000
5.22002697	67026.00000000	0.00000000	0.00000000
5.23002720	101343.00000000	0.00000000	0.00000000
5.24002743	169854.00000000	0.00000000	0.00000000
5.25002766	225204.00000000	0.00000000	0.00000000
5.26002789	278094.00000000	0.00000000	0.00000000
5.27002811	325572.00000000	0.00000000	0.00000000
5.28002834	360873.00000000	0.00000000	0.00000000
5.29002857	382767.00000000	0.00000000	0.00000000
5.30002880	391254.00000000	0.00000000	0.00000000
5.31002903	361734.00000000	0.00000000	0.00000000
5.32002926	338487.00000000	0.00000000	0.00000000
5.33002949	286827.00000000	0.00000000	0.00000000
5.34002972	227909.00000000	0.00000000	0.00000000
5.35002995	123854.00000000	0.00000000	0.00000000
5.36003017	119301.00000000	0.00000000	0.00000000
5.37003040	78711.00000000	0.00000000	0.00000000
5.38003063	44640.00000000	0.00000000	0.00000000
5.39003086	50175.00000000	0.00000000	0.00000000
5.40003109	74283.00000000	0.00000000	0.00000000
5.41003132	116840.00000000	0.00000000	0.00000000
5.42003155	168009.00000000	0.00000000	0.00000000
5.43003178	219054.00000000	0.00000000	0.00000000
5.44003201	275634.00000000	0.00000000	0.00000000
5.45003223	316470.00000000	0.00000000	0.00000000
5.46003246	354354.00000000	0.00000000	0.00000000
5.47003269	377970.00000000	0.00000000	0.00000000
5.48003292	394082.00000000	0.00000000	0.00000000
5.49003315	384981.00000000	0.00000000	0.00000000
5.50003338	362595.00000000	0.00000000	0.00000000
5.51003361	298513.00000000	0.00000000	0.00000000
5.52003384	301464.00000000	0.00000000	0.00000000
5.53003407	263087.00000000	0.00000000	0.00000000
5.54003429	226925.00000000	0.00000000	0.00000000
5.55003452	187442.00000000	0.00000000	0.00000000
5.56003475	119424.00000000	0.00000000	0.00000000
5.57003498	84984.00000000	0.00000000	0.00000000
5.58003521	56571.00000000	0.00000000	0.00000000
5.59003544	45501.00000000	0.00000000	0.00000000
5.60003567	52388.00000000	0.00000000	0.00000000
5.61003590	75882.00000000	0.00000000	0.00000000
5.62003613	114627.00000000	0.00000000	0.00000000
5.63003635	226308.00000000	0.00000000	0.00000000
5.64003658	216348.00000000	0.00000000	0.00000000
5.65003681	319790.00000000	0.00000000	0.00000000
5.66003704	337502.00000000	0.00000000	0.00000000
5.67003727	368622.00000000	0.00000000	0.00000000
5.68003750	386211.00000000	0.00000000	0.00000000
5.69003773	391130.00000000	0.00000000	0.00000000
5.70003796	373173.00000000	0.00000000	0.00000000
5.71003819	289903.00000000	0.00000000	0.00000000
5.72003841	246853.00000000	0.00000000	0.00000000
5.73003864	199499.00000000	0.00000000	0.00000000
5.74003887	181908.00000000	0.00000000	0.00000000
5.75003910	133323.00000000	0.00000000	0.00000000
5.76003933	89412.00000000	0.00000000	0.00000000
5.77003956	60384.00000000	0.00000000	0.00000000
5.78003979	47591.00000000	0.00000000	0.00000000
5.79004002	51159.00000000	0.00000000	0.00000000
5.80004025	71208.00000000	0.00000000	0.00000000
5.81004047	106755.00000000	0.00000000	0.00000000
5.82004070	216467.00000000	0.00000000	0.00000000
5.83004093	200236.00000000	0.00000000	0.00000000
5.84004116	287073.00000000	0.00000000	0.00000000
5.85004139	330614.00000000	0.00000000	0.00000000
5.86004162	362718.00000000	0.00000000	0.00000000
5.87004185	383382.00000000	0.00000000	0.00000000
5.88004208	391377.00000000	0.00000000	0.00000000
5.89004230	382767.00000000	0.00000000	0.00000000
5.90004253	373049.00000000	0.00000000	0.00000000
5.91004276	312042.00000000	0.00000000	0.00000000
5.92004299	263825.00000000	0.00000000	0.00000000
5.93004322	212904.00000000	0.00000000	0.00000000
5.94004345	161982.00000000	0.00000000	0.00000000
5.95004368	115857.00000000	0.00000000	0.00000000
5.96004391	79326.00000000	0.00000000	0.00000000
5.97004414	55340.00000000	0.00000000	0.00000000
5.98004436	47100.00000000	0.00000000	0.00000000
5.99004459	65672.00000000	0.00000000	0.00000000
6.00004482	99867.00000000	0.00000000	0.00000000
