Position	Counts A	Counts B	Counts AB
3.00999999	50425.00000000	0.00000000	0.00000000
3.01999998	24473.00000000	0.00000000	0.00000000
3.02999997	23611.00000000	0.00000000	0.00000000
3.03999996	26440.00000000	0.00000000	0.00000000
3.04999995	27671.00000000	0.00000000	0.00000000
3.05999994	32098.00000000	0.00000000	0.00000000
3.06999993	41447.00000000	0.00000000	0.00000000
3.07999992	46489.00000000	0.00000000	0.00000000
3.08999991	41940.00000000	0.00000000	0.00000000
3.09999990	61987.00000000	0.00000000	0.00000000
3.10999990	59528.00000000	0.00000000	0.00000000
3.11999989	62479.00000000	0.00000000	0.00000000
3.12999988	62479.00000000	0.00000000	0.00000000
3.13999987	54731.00000000	0.00000000	0.00000000
3.14999986	49933.00000000	0.00000000	0.00000000
3.15999985	44891.00000000	0.00000000	0.00000000
3.16999984	34312.00000000	0.00000000	0.00000000
3.17999983	28777.00000000	0.00000000	0.00000000
3.18999982	36771.00000000	0.00000000	0.00000000
3.19999981	25334.00000000	0.00000000	0.00000000
3.20999980	30253.00000000	0.00000000	0.00000000
3.21999979	36895.00000000	0.00000000	0.00000000
3.22999978	42677.00000000	0.00000000	0.00000000
3.23999977	51286.00000000	0.00000000	0.00000000
3.24999976	58298.00000000	0.00000000	0.00000000
3.25999975	61249.00000000	0.00000000	0.00000000
3.26999974	65677.00000000	0.00000000	0.00000000
3.27999973	66539.00000000	0.00000000	0.00000000
3.28999972	63463.00000000	0.00000000	0.00000000
3.29999971	50671.00000000	0.00000000	0.00000000
3.30999970	40831.00000000	0.00000000	0.00000000
3.31999969	33698.00000000	0.00000000	0.00000000
3.32999969	29638.00000000	0.00000000	0.00000000
3.33999968	26318.00000000	0.00000000	0.00000000
3.34999967	25825.00000000	0.00000000	0.00000000
3.35999966	29023.00000000	0.00000000	0.00000000
3.36999965	33206.00000000	0.00000000	0.00000000
3.37999964	38863.00000000	0.00000000	0.00000000
3.38999963	45014.00000000	0.00000000	0.00000000
3.39999962	61619.00000000	0.00000000	0.00000000
3.40999961	65186.00000000	0.00000000	0.00000000
3.41999960	68506.00000000	0.00000000	0.00000000
3.42999959	70352.00000000	0.00000000	0.00000000
3.43999958	62971.00000000	0.00000000	0.00000000
3.44999957	56575.00000000	0.00000000	0.00000000
3.45999956	51410.00000000	0.00000000	0.00000000
3.46999955	43783.00000000	0.00000000	0.00000000
3.47999954	33698.00000000	0.00000000	0.00000000
3.48999953	29884.00000000	0.00000000	0.00000000
3.49999952	28531.00000000	0.00000000	0.00000000
3.50999951	29515.00000000	0.00000000	0.00000000
3.51999950	36527.00000000	0.00000000	0.00000000
3.52999949	45382.00000000	0.00000000	0.00000000
3.53999949	51286.00000000	0.00000000	0.00000000
3.54999948	54239.00000000	0.00000000	0.00000000
3.55999947	63217.00000000	0.00000000	0.00000000
3.56999946	66416.00000000	0.00000000	0.00000000
3.57999945	60880.00000000	0.00000000	0.00000000
3.58999944	57559.00000000	0.00000000	0.00000000
3.59999943	56330.00000000	0.00000000	0.00000000
3.60999942	47719.00000000	0.00000000	0.00000000
3.61999941	45996.00000000	0.00000000	0.00000000
3.62999940	29392.00000000	0.00000000	0.00000000
3.63999939	24596.00000000	0.00000000	0.00000000
3.64999938	23734.00000000	0.00000000	0.00000000
3.65999937	26686.00000000	0.00000000	0.00000000
3.66999936	22751.00000000	0.00000000	0.00000000
3.67999935	23488.00000000	0.00000000	0.00000000
3.68999934	40586.00000000	0.00000000	0.00000000
3.69999933	33205.00000000	0.00000000	0.00000000
3.70999932	19676.00000000	0.00000000	0.00000000
3.71999931	7621.00000000	0.00000000	0.00000000
3.72999930	10697.00000000	0.00000000	0.00000000
3.73999929	11065.00000000	0.00000000	0.00000000
3.74999928	36157.00000000	0.00000000	0.00000000
3.75999928	42431.00000000	0.00000000	0.00000000
3.76999927	36895.00000000	0.00000000	0.00000000
3.77999926	30623.00000000	0.00000000	0.00000000
3.78999925	24964.00000000	0.00000000	0.00000000
3.79999924	22258.00000000	0.00000000	0.00000000
3.80999923	22259.00000000	0.00000000	0.00000000
3.81999922	24349.00000000	0.00000000	0.00000000
3.82999921	29147.00000000	0.00000000	0.00000000
3.83999920	45013.00000000	0.00000000	0.00000000
3.84999919	51410.00000000	0.00000000	0.00000000
3.85999918	55222.00000000	0.00000000	0.00000000
3.86999917	55715.00000000	0.00000000	0.00000000
3.87999916	54238.00000000	0.00000000	0.00000000
3.88999915	51286.00000000	0.00000000	0.00000000
3.89999914	47843.00000000	0.00000000	0.00000000
3.90999913	43168.00000000	0.00000000	0.00000000
3.91999912	36896.00000000	0.00000000	0.00000000
3.92999911	30253.00000000	0.00000000	0.00000000
3.93999910	23857.00000000	0.00000000	0.00000000
3.94999909	20414.00000000	0.00000000	0.00000000
3.95999908	20167.00000000	0.00000000	0.00000000
3.96999907	22013.00000000	0.00000000	0.00000000
3.97999907	32959.00000000	0.00000000	0.00000000
3.98999906	36896.00000000	0.00000000	0.00000000
3.99999905	39355.00000000	0.00000000	0.00000000
4.00999928	40955.00000000	0.00000000	0.00000000
4.01999950	43660.00000000	0.00000000	0.00000000
4.02999973	47104.00000000	0.00000000	0.00000000
4.03999996	49073.00000000	0.00000000	0.00000000
4.05000019	45874.00000000	0.00000000	0.00000000
4.06000042	38372.00000000	0.00000000	0.00000000
4.07000065	32098.00000000	0.00000000	0.00000000
4.08000088	39108.00000000	0.00000000	0.00000000
4.09000111	22750.00000000	0.00000000	0.00000000
4.10000134	20414.00000000	0.00000000	0.00000000
4.11000156	19306.00000000	0.00000000	0.00000000
4.12000179	20905.00000000	0.00000000	0.00000000
4.13000202	25949.00000000	0.00000000	0.00000000
4.14000225	32836.00000000	0.00000000	0.00000000
4.15000248	39479.00000000	0.00000000	0.00000000
4.16000271	40831.00000000	0.00000000	0.00000000
4.17000294	42430.00000000	0.00000000	0.00000000
4.18000317	48212.00000000	0.00000000	0.00000000
4.19000340	62110.00000000	0.00000000	0.00000000
4.20000362	43537.00000000	0.00000000	0.00000000
4.21000385	39232.00000000	0.00000000	0.00000000
4.22000408	37757.00000000	0.00000000	0.00000000
4.23000431	33820.00000000	0.00000000	0.00000000
4.24000454	25949.00000000	0.00000000	0.00000000
4.25000477	20782.00000000	0.00000000	0.00000000
4.26000500	20905.00000000	0.00000000	0.00000000
4.27000523	23120.00000000	0.00000000	0.00000000
4.28000546	23857.00000000	0.00000000	0.00000000
4.29000568	36648.00000000	0.00000000	0.00000000
4.30000591	40093.00000000	0.00000000	0.00000000
4.31000614	45137.00000000	0.00000000	0.00000000
4.32000637	44767.00000000	0.00000000	0.00000000
4.33000660	48089.00000000	0.00000000	0.00000000
4.34000683	53008.00000000	0.00000000	0.00000000
4.35000706	49687.00000000	0.00000000	0.00000000
4.36000729	42308.00000000	0.00000000	0.00000000
4.37000751	38986.00000000	0.00000000	0.00000000
4.38000774	35666.00000000	0.00000000	0.00000000
4.39000797	27670.00000000	0.00000000	0.00000000
4.40000820	21398.00000000	0.00000000	0.00000000
4.41000843	22012.00000000	0.00000000	0.00000000
4.42000866	22628.00000000	0.00000000	0.00000000
4.43000889	25948.00000000	0.00000000	0.00000000
4.44000912	32467.00000000	0.00000000	0.00000000
4.45000935	39602.00000000	0.00000000	0.00000000
4.46000957	43045.00000000	0.00000000	0.00000000
4.47000980	48335.00000000	0.00000000	0.00000000
4.48001003	55468.00000000	0.00000000	0.00000000
4.49001026	54730.00000000	0.00000000	0.00000000
4.50001049	51164.00000000	0.00000000	0.00000000
4.51001072	45013.00000000	0.00000000	0.00000000
4.52001095	37633.00000000	0.00000000	0.00000000
4.53001118	31975.00000000	0.00000000	0.00000000
4.54001141	28286.00000000	0.00000000	0.00000000
4.55001163	23488.00000000	0.00000000	0.00000000
4.56001186	21152.00000000	0.00000000	0.00000000
4.57001209	23488.00000000	0.00000000	0.00000000
4.58001232	27547.00000000	0.00000000	0.00000000
4.59001255	30992.00000000	0.00000000	0.00000000
4.60001278	37141.00000000	0.00000000	0.00000000
4.61001301	51532.00000000	0.00000000	0.00000000
4.62001324	52270.00000000	0.00000000	0.00000000
4.63001347	57683.00000000	0.00000000	0.00000000
4.64001369	57928.00000000	0.00000000	0.00000000
4.65001392	52763.00000000	0.00000000	0.00000000
4.66001415	50425.00000000	0.00000000	0.00000000
4.67001438	45874.00000000	0.00000000	0.00000000
4.68001461	37634.00000000	0.00000000	0.00000000
4.69001484	32344.00000000	0.00000000	0.00000000
4.70001507	26933.00000000	0.00000000	0.00000000
4.71001530	22012.00000000	0.00000000	0.00000000
4.72001553	23735.00000000	0.00000000	0.00000000
4.73001575	26932.00000000	0.00000000	0.00000000
4.74001598	30377.00000000	0.00000000	0.00000000
4.75001621	37510.00000000	0.00000000	0.00000000
4.76001644	45997.00000000	0.00000000	0.00000000
4.77001667	49073.00000000	0.00000000	0.00000000
4.78001690	53008.00000000	0.00000000	0.00000000
4.79001713	58543.00000000	0.00000000	0.00000000
4.80001736	57314.00000000	0.00000000	0.00000000
4.81001759	53131.00000000	0.00000000	0.00000000
4.82001781	51164.00000000	0.00000000	0.00000000
4.83001804	22014.00000000	0.00000000	0.00000000
4.84001827	31484.00000000	0.00000000	0.00000000
4.85001850	27055.00000000	0.00000000	0.00000000
4.86001873	23366.00000000	0.00000000	0.00000000
4.87001896	22627.00000000	0.00000000	0.00000000
4.88001919	26071.00000000	0.00000000	0.00000000
4.89001942	28778.00000000	0.00000000	0.00000000
4.90001965	32713.00000000	0.00000000	0.00000000
4.91001987	40832.00000000	0.00000000	0.00000000
4.92002010	46858.00000000	0.00000000	0.00000000
4.93002033	48334.00000000	0.00000000	0.00000000
4.94002056	55100.00000000	0.00000000	0.00000000
4.95002079	52394.00000000	0.00000000	0.00000000
4.96002102	51778.00000000	0.00000000	0.00000000
4.97002125	47473.00000000	0.00000000	0.00000000
4.98002148	39356.00000000	0.00000000	0.00000000
4.99002171	34804.00000000	0.00000000	0.00000000
5.00002193	28655.00000000	0.00000000	0.00000000
5.01002216	23365.00000000	0.00000000	0.00000000
5.02002239	22012.00000000	0.00000000	0.00000000
5.03002262	22136.00000000	0.00000000	0.00000000
5.04002285	22873.00000000	0.00000000	0.00000000
5.05002308	28409.00000000	0.00000000	0.00000000
5.06002331	36034.00000000	0.00000000	0.00000000
5.07002354	45506.00000000	0.00000000	0.00000000
5.08002377	52639.00000000	0.00000000	0.00000000
5.09002399	51902.00000000	0.00000000	0.00000000
5.10002422	50425.00000000	0.00000000	0.00000000
5.11002445	51040.00000000	0.00000000	0.00000000
5.12002468	44399.00000000	0.00000000	0.00000000
5.13002491	37879.00000000	0.00000000	0.00000000
5.14002514	33698.00000000	0.00000000	0.00000000
5.15002537	27055.00000000	0.00000000	0.00000000
5.16002560	22258.00000000	0.00000000	0.00000000
5.17002583	38614.00000000	0.00000000	0.00000000
5.18002605	24104.00000000	0.00000000	0.00000000
5.19002628	30376.00000000	0.00000000	0.00000000
5.20002651	37018.00000000	0.00000000	0.00000000
5.21002674	40709.00000000	0.00000000	0.00000000
5.22002697	48088.00000000	0.00000000	0.00000000
5.23002720	54362.00000000	0.00000000	0.00000000
5.24002743	52762.00000000	0.00000000	0.00000000
5.25002766	53992.00000000	0.00000000	0.00000000
5.26002789	54731.00000000	0.00000000	0.00000000
5.27002811	54606.00000000	0.00000000	0.00000000
5.28002834	37633.00000000	0.00000000	0.00000000
5.29002857	29146.00000000	0.00000000	0.00000000
5.30002880	25826.00000000	0.00000000	0.00000000
5.31002903	23980.00000000	0.00000000	0.00000000
5.32002926	21890.00000000	0.00000000	0.00000000
5.33002949	24103.00000000	0.00000000	0.00000000
5.34002972	30007.00000000	0.00000000	0.00000000
5.35002995	33698.00000000	0.00000000	0.00000000
5.36003017	38863.00000000	0.00000000	0.00000000
5.37003040	49442.00000000	0.00000000	0.00000000
5.38003063	53992.00000000	0.00000000	0.00000000
5.39003086	54976.00000000	0.00000000	0.00000000
5.40003109	33207.00000000	0.00000000	0.00000000
5.41003132	53009.00000000	0.00000000	0.00000000
5.42003155	53500.00000000	0.00000000	0.00000000
5.43003178	48580.00000000	0.00000000	0.00000000
5.44003201	37757.00000000	0.00000000	0.00000000
5.45003223	35296.00000000	0.00000000	0.00000000
5.46003246	31238.00000000	0.00000000	0.00000000
5.47003269	24841.00000000	0.00000000	0.00000000
5.48003292	25702.00000000	0.00000000	0.00000000
5.49003315	28901.00000000	0.00000000	0.00000000
5.50003338	30868.00000000	0.00000000	0.00000000
5.51003361	43537.00000000	0.00000000	0.00000000
5.52003384	40833.00000000	0.00000000	0.00000000
5.53003407	55592.00000000	0.00000000	0.00000000
5.54003429	63463.00000000	0.00000000	0.00000000
5.55003452	67769.00000000	0.00000000	0.00000000
5.56003475	62110.00000000	0.00000000	0.00000000
5.57003498	61741.00000000	0.00000000	0.00000000
5.58003521	59774.00000000	0.00000000	0.00000000
5.59003544	49441.00000000	0.00000000	0.00000000
5.60003567	44399.00000000	0.00000000	0.00000000
5.61003590	39232.00000000	0.00000000	0.00000000
5.62003613	47347.00000000	0.00000000	0.00000000
5.63003635	27301.00000000	0.00000000	0.00000000
5.64003658	27179.00000000	0.00000000	0.00000000
5.65003681	29392.00000000	0.00000000	0.00000000
5.66003704	35419.00000000	0.00000000	0.00000000
5.67003727	40955.00000000	0.00000000	0.00000000
5.68003750	45382.00000000	0.00000000	0.00000000
5.69003773	52394.00000000	0.00000000	0.00000000
5.70003796	58420.00000000	0.00000000	0.00000000
5.71003819	56698.00000000	0.00000000	0.00000000
5.72003841	26320.00000000	0.00000000	0.00000000
5.73003864	48950.00000000	0.00000000	0.00000000
5.74003887	42799.00000000	0.00000000	0.00000000
5.75003910	39109.00000000	0.00000000	0.00000000
5.76003933	30746.00000000	0.00000000	0.00000000
5.77003956	25579.00000000	0.00000000	0.00000000
5.78003979	24227.00000000	0.00000000	0.00000000
5.79004002	22996.00000000	0.00000000	0.00000000
5.80004025	23980.00000000	0.00000000	0.00000000
5.81004047	29024.00000000	0.00000000	0.00000000
5.82004070	35419.00000000	0.00000000	0.00000000
5.83004093	39233.00000000	0.00000000	0.00000000
5.84004116	46366.00000000	0.00000000	0.00000000
5.85004139	53009.00000000	0.00000000	0.00000000
5.86004162	53131.00000000	0.00000000	0.00000000
5.87004185	55468.00000000	0.00000000	0.00000000
5.88004208	48827.00000000	0.00000000	0.00000000
5.89004230	43783.00000000	0.00000000	0.00000000
5.90004253	40709.00000000	0.00000000	0.00000000
5.91004276	32467.00000000	0.00000000	0.00000000
5.92004299	26440.00000000	0.00000000	0.00000000
5.93004322	47223.00000000	0.00000000	0.00000000
5.94004345	22505.00000000	0.00000000	0.00000000
5.95004368	27916.00000000	0.00000000	0.00000000
5.96004391	33574.00000000	0.00000000	0.00000000
5.97004414	37142.00000000	0.00000000	0.00000000
5.98004436	45136.00000000	0.00000000	0.00000000
5.99004459	53870.00000000	0.00000000	0.00000000
6.00004482	52639.00000000	0.00000000	0.00000000
