Position	Counts A	Counts B	Counts AB
3.00999999	66414.00000000	0.00000000	0.00000000
3.01999998	16112.00000000	0.00000000	0.00000000
3.02999997	56699.00000000	0.00000000	0.00000000
3.03999996	63956.00000000	0.00000000	0.00000000
3.04999995	47104.00000000	0.00000000	0.00000000
3.05999994	41447.00000000	0.00000000	0.00000000
3.06999993	41200.00000000	0.00000000	0.00000000
3.07999992	34312.00000000	0.00000000	0.00000000
3.08999991	32960.00000000	0.00000000	0.00000000
3.09999990	38494.00000000	0.00000000	0.00000000
3.10999990	44399.00000000	0.00000000	0.00000000
3.11999989	46489.00000000	0.00000000	0.00000000
3.12999988	53500.00000000	0.00000000	0.00000000
3.13999987	66784.00000000	0.00000000	0.00000000
3.14999986	66416.00000000	0.00000000	0.00000000
3.15999985	71827.00000000	0.00000000	0.00000000
3.16999984	67645.00000000	0.00000000	0.00000000
3.17999983	59651.00000000	0.00000000	0.00000000
3.18999982	56575.00000000	0.00000000	0.00000000
3.19999981	49196.00000000	0.00000000	0.00000000
3.20999980	39355.00000000	0.00000000	0.00000000
3.21999979	34681.00000000	0.00000000	0.00000000
3.22999978	35787.00000000	0.00000000	0.00000000
3.23999977	28901.00000000	0.00000000	0.00000000
3.24999976	34681.00000000	0.00000000	0.00000000
3.25999975	39970.00000000	0.00000000	0.00000000
3.26999974	44276.00000000	0.00000000	0.00000000
3.27999973	54484.00000000	0.00000000	0.00000000
3.28999972	62480.00000000	0.00000000	0.00000000
3.29999971	61987.00000000	0.00000000	0.00000000
3.30999970	63463.00000000	0.00000000	0.00000000
3.31999969	64940.00000000	0.00000000	0.00000000
3.32999969	56821.00000000	0.00000000	0.00000000
3.33999968	49688.00000000	0.00000000	0.00000000
3.34999967	47227.00000000	0.00000000	0.00000000
3.35999966	43045.00000000	0.00000000	0.00000000
3.36999965	31852.00000000	0.00000000	0.00000000
3.37999964	28655.00000000	0.00000000	0.00000000
3.38999963	26440.00000000	0.00000000	0.00000000
3.39999962	31360.00000000	0.00000000	0.00000000
3.40999961	36896.00000000	0.00000000	0.00000000
3.41999960	38248.00000000	0.00000000	0.00000000
3.42999959	44276.00000000	0.00000000	0.00000000
3.43999958	57559.00000000	0.00000000	0.00000000
3.44999957	58666.00000000	0.00000000	0.00000000
3.45999956	121147.00000000	0.00000000	0.00000000
3.46999955	69491.00000000	0.00000000	0.00000000
3.47999954	51778.00000000	0.00000000	0.00000000
3.48999953	62110.00000000	0.00000000	0.00000000
3.49999952	59405.00000000	0.00000000	0.00000000
3.50999951	44029.00000000	0.00000000	0.00000000
3.51999950	42799.00000000	0.00000000	0.00000000
3.52999949	41816.00000000	0.00000000	0.00000000
3.53999949	31729.00000000	0.00000000	0.00000000
3.54999948	31853.00000000	0.00000000	0.00000000
3.55999947	39601.00000000	0.00000000	0.00000000
3.56999946	41446.00000000	0.00000000	0.00000000
3.57999945	31731.00000000	0.00000000	0.00000000
3.58999944	71951.00000000	0.00000000	0.00000000
3.59999943	66415.00000000	0.00000000	0.00000000
3.60999942	73426.00000000	0.00000000	0.00000000
3.61999941	86465.00000000	0.00000000	0.00000000
3.62999940	79699.00000000	0.00000000	0.00000000
3.63999939	73919.00000000	0.00000000	0.00000000
3.64999938	79699.00000000	0.00000000	0.00000000
3.65999937	68629.00000000	0.00000000	0.00000000
3.66999936	61987.00000000	0.00000000	0.00000000
3.67999935	47228.00000000	0.00000000	0.00000000
3.68999934	36526.00000000	0.00000000	0.00000000
3.69999933	38248.00000000	0.00000000	0.00000000
3.70999932	41201.00000000	0.00000000	0.00000000
3.71999931	40462.00000000	0.00000000	0.00000000
3.72999930	44768.00000000	0.00000000	0.00000000
3.73999929	55099.00000000	0.00000000	0.00000000
3.74999928	61864.00000000	0.00000000	0.00000000
3.75999928	62726.00000000	0.00000000	0.00000000
3.76999927	134430.00000000	0.00000000	0.00000000
3.77999926	49074.00000000	0.00000000	0.00000000
3.78999925	66169.00000000	0.00000000	0.00000000
3.79999924	62480.00000000	0.00000000	0.00000000
3.80999923	51163.00000000	0.00000000	0.00000000
3.81999922	43292.00000000	0.00000000	0.00000000
3.82999921	38986.00000000	0.00000000	0.00000000
3.83999920	32590.00000000	0.00000000	0.00000000
3.84999919	28655.00000000	0.00000000	0.00000000
3.85999918	30253.00000000	0.00000000	0.00000000
3.86999917	33575.00000000	0.00000000	0.00000000
3.87999916	36649.00000000	0.00000000	0.00000000
3.88999915	42430.00000000	0.00000000	0.00000000
3.89999914	60634.00000000	0.00000000	0.00000000
3.90999913	59774.00000000	0.00000000	0.00000000
3.91999912	65308.00000000	0.00000000	0.00000000
3.92999911	64816.00000000	0.00000000	0.00000000
3.93999910	58421.00000000	0.00000000	0.00000000
3.94999909	55591.00000000	0.00000000	0.00000000
3.95999908	51041.00000000	0.00000000	0.00000000
3.96999907	39724.00000000	0.00000000	0.00000000
3.97999907	35419.00000000	0.00000000	0.00000000
3.98999906	32468.00000000	0.00000000	0.00000000
3.99999905	27055.00000000	0.00000000	0.00000000
4.00999928	27179.00000000	0.00000000	0.00000000
4.01999950	31606.00000000	0.00000000	0.00000000
4.02999973	37387.00000000	0.00000000	0.00000000
4.03999996	48826.00000000	0.00000000	0.00000000
4.05000019	56576.00000000	0.00000000	0.00000000
4.06000042	55714.00000000	0.00000000	0.00000000
4.07000065	62725.00000000	0.00000000	0.00000000
4.08000088	68753.00000000	0.00000000	0.00000000
4.09000111	60265.00000000	0.00000000	0.00000000
4.10000134	59159.00000000	0.00000000	0.00000000
4.11000156	60388.00000000	0.00000000	0.00000000
4.12000179	46612.00000000	0.00000000	0.00000000
4.13000202	41324.00000000	0.00000000	0.00000000
4.14000225	24473.00000000	0.00000000	0.00000000
4.15000248	29392.00000000	0.00000000	0.00000000
4.16000271	35542.00000000	0.00000000	0.00000000
4.17000294	36281.00000000	0.00000000	0.00000000
4.18000317	37879.00000000	0.00000000	0.00000000
4.19000340	51410.00000000	0.00000000	0.00000000
4.20000362	61372.00000000	0.00000000	0.00000000
4.21000385	59773.00000000	0.00000000	0.00000000
4.22000408	87940.00000000	0.00000000	0.00000000
4.23000431	23615.00000000	0.00000000	0.00000000
4.24000454	83635.00000000	0.00000000	0.00000000
4.25000477	76993.00000000	0.00000000	0.00000000
4.26000500	60512.00000000	0.00000000	0.00000000
4.27000523	55960.00000000	0.00000000	0.00000000
4.28000546	54116.00000000	0.00000000	0.00000000
4.29000568	40093.00000000	0.00000000	0.00000000
4.30000591	36649.00000000	0.00000000	0.00000000
4.31000614	39602.00000000	0.00000000	0.00000000
4.32000637	37264.00000000	0.00000000	0.00000000
4.33000660	38126.00000000	0.00000000	0.00000000
4.34000683	49318.00000000	0.00000000	0.00000000
4.35000706	57682.00000000	0.00000000	0.00000000
4.36000729	123238.00000000	0.00000000	0.00000000
4.37000751	80807.00000000	0.00000000	0.00000000
4.38000774	74902.00000000	0.00000000	0.00000000
4.39000797	76747.00000000	0.00000000	0.00000000
4.40000820	76256.00000000	0.00000000	0.00000000
4.41000843	64693.00000000	0.00000000	0.00000000
4.42000866	58052.00000000	0.00000000	0.00000000
4.43000889	52393.00000000	0.00000000	0.00000000
4.44000912	41569.00000000	0.00000000	0.00000000
4.45000935	35297.00000000	0.00000000	0.00000000
4.46000957	32836.00000000	0.00000000	0.00000000
4.47000980	29639.00000000	0.00000000	0.00000000
4.48001003	34804.00000000	0.00000000	0.00000000
4.49001026	42554.00000000	0.00000000	0.00000000
4.50001049	46366.00000000	0.00000000	0.00000000
4.51001072	54362.00000000	0.00000000	0.00000000
4.52001095	61987.00000000	0.00000000	0.00000000
4.53001118	62479.00000000	0.00000000	0.00000000
4.54001141	62849.00000000	0.00000000	0.00000000
4.55001163	65062.00000000	0.00000000	0.00000000
4.56001186	58052.00000000	0.00000000	0.00000000
4.57001209	51286.00000000	0.00000000	0.00000000
4.58001232	47350.00000000	0.00000000	0.00000000
4.59001255	40954.00000000	0.00000000	0.00000000
4.60001278	29762.00000000	0.00000000	0.00000000
4.61001301	27916.00000000	0.00000000	0.00000000
4.62001324	27178.00000000	0.00000000	0.00000000
4.63001347	33452.00000000	0.00000000	0.00000000
4.64001369	40093.00000000	0.00000000	0.00000000
4.65001392	42923.00000000	0.00000000	0.00000000
4.66001415	52024.00000000	0.00000000	0.00000000
4.67001438	60880.00000000	0.00000000	0.00000000
4.68001461	60266.00000000	0.00000000	0.00000000
4.69001484	106633.00000000	0.00000000	0.00000000
4.70001507	57191.00000000	0.00000000	0.00000000
4.71001530	52885.00000000	0.00000000	0.00000000
4.72001553	51410.00000000	0.00000000	0.00000000
4.73001575	38617.00000000	0.00000000	0.00000000
4.74001598	33574.00000000	0.00000000	0.00000000
4.75001621	33698.00000000	0.00000000	0.00000000
4.76001644	27547.00000000	0.00000000	0.00000000
4.77001667	29147.00000000	0.00000000	0.00000000
4.78001690	36895.00000000	0.00000000	0.00000000
4.79001713	40462.00000000	0.00000000	0.00000000
4.80001736	43784.00000000	0.00000000	0.00000000
4.81001759	91259.00000000	0.00000000	0.00000000
4.82001781	41571.00000000	0.00000000	0.00000000
4.83001804	74902.00000000	0.00000000	0.00000000
4.84001827	75395.00000000	0.00000000	0.00000000
4.85001850	62848.00000000	0.00000000	0.00000000
4.86001873	66293.00000000	0.00000000	0.00000000
4.87001896	59527.00000000	0.00000000	0.00000000
4.88001919	45382.00000000	0.00000000	0.00000000
4.89001942	44153.00000000	0.00000000	0.00000000
4.90001965	39847.00000000	0.00000000	0.00000000
4.91001987	40216.00000000	0.00000000	0.00000000
4.92002010	41692.00000000	0.00000000	0.00000000
4.93002033	44645.00000000	0.00000000	0.00000000
4.94002056	52147.00000000	0.00000000	0.00000000
4.95002079	66662.00000000	0.00000000	0.00000000
4.96002102	70597.00000000	0.00000000	0.00000000
4.97002125	74164.00000000	0.00000000	0.00000000
4.98002148	82283.00000000	0.00000000	0.00000000
4.99002171	78715.00000000	0.00000000	0.00000000
5.00002193	72812.00000000	0.00000000	0.00000000
5.01002216	47475.00000000	0.00000000	0.00000000
5.02002239	66783.00000000	0.00000000	0.00000000
5.03002262	44521.00000000	0.00000000	0.00000000
5.04002285	37388.00000000	0.00000000	0.00000000
5.05002308	32344.00000000	0.00000000	0.00000000
5.06002331	32344.00000000	0.00000000	0.00000000
5.07002354	34928.00000000	0.00000000	0.00000000
5.08002377	36895.00000000	0.00000000	0.00000000
5.09002399	42554.00000000	0.00000000	0.00000000
5.10002422	51163.00000000	0.00000000	0.00000000
5.11002445	55099.00000000	0.00000000	0.00000000
5.12002468	127788.00000000	0.00000000	0.00000000
5.13002491	55961.00000000	0.00000000	0.00000000
5.14002514	61249.00000000	0.00000000	0.00000000
5.15002537	59404.00000000	0.00000000	0.00000000
5.16002560	51041.00000000	0.00000000	0.00000000
5.17002583	41938.00000000	0.00000000	0.00000000
5.18002605	37388.00000000	0.00000000	0.00000000
5.19002628	31360.00000000	0.00000000	0.00000000
5.20002651	27055.00000000	0.00000000	0.00000000
5.21002674	28286.00000000	0.00000000	0.00000000
5.22002697	29146.00000000	0.00000000	0.00000000
5.23002720	30869.00000000	0.00000000	0.00000000
5.24002743	50056.00000000	0.00000000	0.00000000
5.25002766	49442.00000000	0.00000000	0.00000000
5.26002789	57805.00000000	0.00000000	0.00000000
5.27002811	62972.00000000	0.00000000	0.00000000
5.28002834	60019.00000000	0.00000000	0.00000000
5.29002857	63463.00000000	0.00000000	0.00000000
5.30002880	62480.00000000	0.00000000	0.00000000
5.31002903	53992.00000000	0.00000000	0.00000000
5.32002926	52517.00000000	0.00000000	0.00000000
5.33002949	47596.00000000	0.00000000	0.00000000
5.34002972	21768.00000000	0.00000000	0.00000000
5.35002995	31729.00000000	0.00000000	0.00000000
5.36003017	26810.00000000	0.00000000	0.00000000
5.37003040	29146.00000000	0.00000000	0.00000000
5.38003063	31729.00000000	0.00000000	0.00000000
5.39003086	31730.00000000	0.00000000	0.00000000
5.40003109	39970.00000000	0.00000000	0.00000000
5.41003132	49442.00000000	0.00000000	0.00000000
5.42003155	50794.00000000	0.00000000	0.00000000
5.43003178	58666.00000000	0.00000000	0.00000000
5.44003201	17341.00000000	0.00000000	0.00000000
5.45003223	89415.00000000	0.00000000	0.00000000
5.46003246	73303.00000000	0.00000000	0.00000000
5.47003269	61372.00000000	0.00000000	0.00000000
5.48003292	59405.00000000	0.00000000	0.00000000
5.49003315	57928.00000000	0.00000000	0.00000000
5.50003338	44768.00000000	0.00000000	0.00000000
5.51003361	41569.00000000	0.00000000	0.00000000
5.52003384	39724.00000000	0.00000000	0.00000000
5.53003407	31976.00000000	0.00000000	0.00000000
5.54003429	32959.00000000	0.00000000	0.00000000
5.55003452	38741.00000000	0.00000000	0.00000000
5.56003475	48088.00000000	0.00000000	0.00000000
5.57003498	60635.00000000	0.00000000	0.00000000
5.58003521	66907.00000000	0.00000000	0.00000000
5.59003544	69737.00000000	0.00000000	0.00000000
5.60003567	77977.00000000	0.00000000	0.00000000
5.61003590	78592.00000000	0.00000000	0.00000000
5.62003613	73304.00000000	0.00000000	0.00000000
5.63003635	72442.00000000	0.00000000	0.00000000
5.64003658	64571.00000000	0.00000000	0.00000000
5.65003681	56206.00000000	0.00000000	0.00000000
5.66003704	41323.00000000	0.00000000	0.00000000
5.67003727	33082.00000000	0.00000000	0.00000000
5.68003750	32222.00000000	0.00000000	0.00000000
5.69003773	34066.00000000	0.00000000	0.00000000
5.70003796	36895.00000000	0.00000000	0.00000000
5.71003819	41939.00000000	0.00000000	0.00000000
5.72003841	50302.00000000	0.00000000	0.00000000
5.73003864	55100.00000000	0.00000000	0.00000000
5.74003887	58912.00000000	0.00000000	0.00000000
5.75003910	65554.00000000	0.00000000	0.00000000
5.76003933	30132.00000000	0.00000000	0.00000000
5.77003956	61619.00000000	0.00000000	0.00000000
5.78003979	53992.00000000	0.00000000	0.00000000
5.79004002	46489.00000000	0.00000000	0.00000000
5.80004025	42677.00000000	0.00000000	0.00000000
5.81004047	34435.00000000	0.00000000	0.00000000
5.82004070	29639.00000000	0.00000000	0.00000000
5.83004093	28777.00000000	0.00000000	0.00000000
5.84004116	26440.00000000	0.00000000	0.00000000
5.85004139	27917.00000000	0.00000000	0.00000000
5.86004162	33943.00000000	0.00000000	0.00000000
5.87004185	38248.00000000	0.00000000	0.00000000
5.88004208	67767.00000000	0.00000000	0.00000000
5.89004230	57191.00000000	0.00000000	0.00000000
5.90004253	58912.00000000	0.00000000	0.00000000
5.91004276	65431.00000000	0.00000000	0.00000000
5.92004299	59528.00000000	0.00000000	0.00000000
5.93004322	54238.00000000	0.00000000	0.00000000
5.94004345	53132.00000000	0.00000000	0.00000000
5.95004368	41938.00000000	0.00000000	0.00000000
5.96004391	35788.00000000	0.00000000	0.00000000
5.97004414	32591.00000000	0.00000000	0.00000000
5.98004436	27671.00000000	0.00000000	0.00000000
5.99004459	31114.00000000	0.00000000	0.00000000
6.00004482	32713.00000000	0.00000000	0.00000000
