Position	Counts A	Counts B	Counts AB
3.00999999	20536.00000000	0.00000000	0.00000000
3.01999998	34312.00000000	0.00000000	0.00000000
3.02999997	36281.00000000	0.00000000	0.00000000
3.03999996	38987.00000000	0.00000000	0.00000000
3.04999995	33451.00000000	0.00000000	0.00000000
3.05999994	28285.00000000	0.00000000	0.00000000
3.06999993	20906.00000000	0.00000000	0.00000000
3.07999992	15124.00000000	0.00000000	0.00000000
3.08999991	11189.00000000	0.00000000	0.00000000
3.09999990	10942.00000000	0.00000000	0.00000000
3.10999990	12910.00000000	0.00000000	0.00000000
3.11999989	16601.00000000	0.00000000	0.00000000
3.12999988	21643.00000000	0.00000000	0.00000000
3.13999987	27671.00000000	0.00000000	0.00000000
3.14999986	60508.00000000	0.00000000	0.00000000
3.15999985	44399.00000000	0.00000000	0.00000000
3.16999984	47104.00000000	0.00000000	0.00000000
3.17999983	48335.00000000	0.00000000	0.00000000
3.18999982	45628.00000000	0.00000000	0.00000000
3.19999981	40831.00000000	0.00000000	0.00000000
3.20999980	33206.00000000	0.00000000	0.00000000
3.21999979	25702.00000000	0.00000000	0.00000000
3.22999978	19061.00000000	0.00000000	0.00000000
3.23999977	13648.00000000	0.00000000	0.00000000
3.24999976	10696.00000000	0.00000000	0.00000000
3.25999975	10574.00000000	0.00000000	0.00000000
3.26999974	18569.00000000	0.00000000	0.00000000
3.27999973	23488.00000000	0.00000000	0.00000000
3.28999972	28654.00000000	0.00000000	0.00000000
3.29999971	33821.00000000	0.00000000	0.00000000
3.30999970	39601.00000000	0.00000000	0.00000000
3.31999969	43292.00000000	0.00000000	0.00000000
3.32999969	45874.00000000	0.00000000	0.00000000
3.33999968	46858.00000000	0.00000000	0.00000000
3.34999967	45014.00000000	0.00000000	0.00000000
3.35999966	41323.00000000	0.00000000	0.00000000
3.36999965	35420.00000000	0.00000000	0.00000000
3.37999964	27547.00000000	0.00000000	0.00000000
3.38999963	16355.00000000	0.00000000	0.00000000
3.39999962	14263.00000000	0.00000000	0.00000000
3.40999961	15002.00000000	0.00000000	0.00000000
3.41999960	18568.00000000	0.00000000	0.00000000
3.42999959	23980.00000000	0.00000000	0.00000000
3.43999958	30992.00000000	0.00000000	0.00000000
3.44999957	37633.00000000	0.00000000	0.00000000
3.45999956	42062.00000000	0.00000000	0.00000000
3.46999955	45259.00000000	0.00000000	0.00000000
3.47999954	46612.00000000	0.00000000	0.00000000
3.48999953	45875.00000000	0.00000000	0.00000000
3.49999952	43783.00000000	0.00000000	0.00000000
3.50999951	40339.00000000	0.00000000	0.00000000
3.51999950	29638.00000000	0.00000000	0.00000000
3.52999949	23120.00000000	0.00000000	0.00000000
3.53999949	18199.00000000	0.00000000	0.00000000
3.54999948	15986.00000000	0.00000000	0.00000000
3.55999947	15616.00000000	0.00000000	0.00000000
3.56999946	16477.00000000	0.00000000	0.00000000
3.57999945	19799.00000000	0.00000000	0.00000000
3.58999944	25702.00000000	0.00000000	0.00000000
3.59999943	32714.00000000	0.00000000	0.00000000
3.60999942	39355.00000000	0.00000000	0.00000000
3.61999941	46612.00000000	0.00000000	0.00000000
3.62999940	60265.00000000	0.00000000	0.00000000
3.63999939	53624.00000000	0.00000000	0.00000000
3.64999938	50302.00000000	0.00000000	0.00000000
3.65999937	43783.00000000	0.00000000	0.00000000
3.66999936	35912.00000000	0.00000000	0.00000000
3.67999935	27547.00000000	0.00000000	0.00000000
3.68999934	19307.00000000	0.00000000	0.00000000
3.69999933	14386.00000000	0.00000000	0.00000000
3.70999932	11311.00000000	0.00000000	0.00000000
3.71999931	11435.00000000	0.00000000	0.00000000
3.72999930	13648.00000000	0.00000000	0.00000000
3.73999929	25087.00000000	0.00000000	0.00000000
3.74999928	31729.00000000	0.00000000	0.00000000
3.75999928	38372.00000000	0.00000000	0.00000000
3.76999927	43537.00000000	0.00000000	0.00000000
3.77999926	47474.00000000	0.00000000	0.00000000
3.78999925	48826.00000000	0.00000000	0.00000000
3.79999924	49195.00000000	0.00000000	0.00000000
3.80999923	46736.00000000	0.00000000	0.00000000
3.81999922	41815.00000000	0.00000000	0.00000000
3.82999921	36527.00000000	0.00000000	0.00000000
3.83999920	30868.00000000	0.00000000	0.00000000
3.84999919	23611.00000000	0.00000000	0.00000000
3.85999918	24348.00000000	0.00000000	0.00000000
3.86999917	17462.00000000	0.00000000	0.00000000
3.87999916	20782.00000000	0.00000000	0.00000000
3.88999915	27547.00000000	0.00000000	0.00000000
3.89999914	35543.00000000	0.00000000	0.00000000
3.90999913	43291.00000000	0.00000000	0.00000000
3.91999912	50303.00000000	0.00000000	0.00000000
3.92999911	55591.00000000	0.00000000	0.00000000
3.93999910	56452.00000000	0.00000000	0.00000000
3.94999909	54608.00000000	0.00000000	0.00000000
3.95999908	49687.00000000	0.00000000	0.00000000
3.96999907	52268.00000000	0.00000000	0.00000000
3.97999907	23980.00000000	0.00000000	0.00000000
3.98999906	17216.00000000	0.00000000	0.00000000
3.99999905	12541.00000000	0.00000000	0.00000000
4.00999928	11312.00000000	0.00000000	0.00000000
4.01999950	13525.00000000	0.00000000	0.00000000
4.02999973	17461.00000000	0.00000000	0.00000000
4.03999996	24473.00000000	0.00000000	0.00000000
4.05000019	30868.00000000	0.00000000	0.00000000
4.06000042	37633.00000000	0.00000000	0.00000000
4.07000065	43661.00000000	0.00000000	0.00000000
4.08000088	48211.00000000	0.00000000	0.00000000
4.09000111	61741.00000000	0.00000000	0.00000000
4.10000134	47104.00000000	0.00000000	0.00000000
4.11000156	42554.00000000	0.00000000	0.00000000
4.12000179	36526.00000000	0.00000000	0.00000000
4.13000202	29639.00000000	0.00000000	0.00000000
4.14000225	23980.00000000	0.00000000	0.00000000
4.15000248	19675.00000000	0.00000000	0.00000000
4.16000271	17216.00000000	0.00000000	0.00000000
4.17000294	17461.00000000	0.00000000	0.00000000
4.18000317	20291.00000000	0.00000000	0.00000000
4.19000340	26440.00000000	0.00000000	0.00000000
4.20000362	18326.00000000	0.00000000	0.00000000
4.21000385	51409.00000000	0.00000000	0.00000000
4.22000408	57314.00000000	0.00000000	0.00000000
4.23000431	60511.00000000	0.00000000	0.00000000
4.24000454	59404.00000000	0.00000000	0.00000000
4.25000477	54977.00000000	0.00000000	0.00000000
4.26000500	47719.00000000	0.00000000	0.00000000
4.27000523	38741.00000000	0.00000000	0.00000000
4.28000546	29515.00000000	0.00000000	0.00000000
4.29000568	20782.00000000	0.00000000	0.00000000
4.30000591	13401.00000000	0.00000000	0.00000000
4.31000614	12173.00000000	0.00000000	0.00000000
4.32000637	15739.00000000	0.00000000	0.00000000
4.33000660	22504.00000000	0.00000000	0.00000000
4.34000683	29147.00000000	0.00000000	0.00000000
4.35000706	37141.00000000	0.00000000	0.00000000
4.36000729	42677.00000000	0.00000000	0.00000000
4.37000751	47965.00000000	0.00000000	0.00000000
4.38000774	51409.00000000	0.00000000	0.00000000
4.39000797	52025.00000000	0.00000000	0.00000000
4.40000820	50548.00000000	0.00000000	0.00000000
4.41000843	45998.00000000	0.00000000	0.00000000
4.42000866	33820.00000000	0.00000000	0.00000000
4.43000889	27302.00000000	0.00000000	0.00000000
4.44000912	22381.00000000	0.00000000	0.00000000
4.45000935	18692.00000000	0.00000000	0.00000000
4.46000957	16969.00000000	0.00000000	0.00000000
4.47000980	17953.00000000	0.00000000	0.00000000
4.48001003	21890.00000000	0.00000000	0.00000000
4.49001026	27916.00000000	0.00000000	0.00000000
4.50001049	35666.00000000	0.00000000	0.00000000
4.51001072	50179.00000000	0.00000000	0.00000000
4.52001095	34192.00000000	0.00000000	0.00000000
4.53001118	61987.00000000	0.00000000	0.00000000
4.54001141	60758.00000000	0.00000000	0.00000000
4.55001163	56329.00000000	0.00000000	0.00000000
4.56001186	48088.00000000	0.00000000	0.00000000
4.57001209	40094.00000000	0.00000000	0.00000000
4.58001232	31237.00000000	0.00000000	0.00000000
4.59001255	22628.00000000	0.00000000	0.00000000
4.60001278	15985.00000000	0.00000000	0.00000000
4.61001301	12049.00000000	0.00000000	0.00000000
4.62001324	11435.00000000	0.00000000	0.00000000
4.63001347	20783.00000000	0.00000000	0.00000000
4.64001369	28408.00000000	0.00000000	0.00000000
4.65001392	35788.00000000	0.00000000	0.00000000
4.66001415	42554.00000000	0.00000000	0.00000000
4.67001438	48580.00000000	0.00000000	0.00000000
4.68001461	52763.00000000	0.00000000	0.00000000
4.69001484	54115.00000000	0.00000000	0.00000000
4.70001507	53377.00000000	0.00000000	0.00000000
4.71001530	49196.00000000	0.00000000	0.00000000
4.72001553	43906.00000000	0.00000000	0.00000000
4.73001575	37757.00000000	0.00000000	0.00000000
4.74001598	30745.00000000	0.00000000	0.00000000
4.75001621	25824.00000000	0.00000000	0.00000000
4.76001644	16846.00000000	0.00000000	0.00000000
4.77001667	17708.00000000	0.00000000	0.00000000
4.78001690	21766.00000000	0.00000000	0.00000000
4.79001713	27916.00000000	0.00000000	0.00000000
4.80001736	37019.00000000	0.00000000	0.00000000
4.81001759	45628.00000000	0.00000000	0.00000000
4.82001781	53747.00000000	0.00000000	0.00000000
4.83001804	60511.00000000	0.00000000	0.00000000
4.84001827	63094.00000000	0.00000000	0.00000000
4.85001850	62849.00000000	0.00000000	0.00000000
4.86001873	58174.00000000	0.00000000	0.00000000
4.87001896	34805.00000000	0.00000000	0.00000000
4.88001919	31360.00000000	0.00000000	0.00000000
4.89001942	22505.00000000	0.00000000	0.00000000
4.90001965	16354.00000000	0.00000000	0.00000000
4.91001987	13157.00000000	0.00000000	0.00000000
4.92002010	14386.00000000	0.00000000	0.00000000
4.93002033	19183.00000000	0.00000000	0.00000000
4.94002056	25580.00000000	0.00000000	0.00000000
4.95002079	34066.00000000	0.00000000	0.00000000
4.96002102	41816.00000000	0.00000000	0.00000000
4.97002125	50302.00000000	0.00000000	0.00000000
4.98002148	57437.00000000	0.00000000	0.00000000
4.99002171	55837.00000000	0.00000000	0.00000000
5.00002193	52148.00000000	0.00000000	0.00000000
5.01002216	46735.00000000	0.00000000	0.00000000
5.02002239	39355.00000000	0.00000000	0.00000000
5.03002262	32222.00000000	0.00000000	0.00000000
5.04002285	24718.00000000	0.00000000	0.00000000
5.05002308	19922.00000000	0.00000000	0.00000000
5.06002331	16108.00000000	0.00000000	0.00000000
5.07002354	15370.00000000	0.00000000	0.00000000
5.08002377	16724.00000000	0.00000000	0.00000000
5.09002399	29022.00000000	0.00000000	0.00000000
5.10002422	38002.00000000	0.00000000	0.00000000
5.11002445	46612.00000000	0.00000000	0.00000000
5.12002468	55469.00000000	0.00000000	0.00000000
5.13002491	61372.00000000	0.00000000	0.00000000
5.14002514	63832.00000000	0.00000000	0.00000000
5.15002537	62480.00000000	0.00000000	0.00000000
5.16002560	58912.00000000	0.00000000	0.00000000
5.17002583	51410.00000000	0.00000000	0.00000000
5.18002605	41323.00000000	0.00000000	0.00000000
5.19002628	31606.00000000	0.00000000	0.00000000
5.20002651	22380.00000000	0.00000000	0.00000000
5.21002674	12911.00000000	0.00000000	0.00000000
5.22002697	14140.00000000	0.00000000	0.00000000
5.23002720	19675.00000000	0.00000000	0.00000000
5.24002743	25703.00000000	0.00000000	0.00000000
5.25002766	34312.00000000	0.00000000	0.00000000
5.26002789	41939.00000000	0.00000000	0.00000000
5.27002811	49195.00000000	0.00000000	0.00000000
5.28002834	54853.00000000	0.00000000	0.00000000
5.29002857	57314.00000000	0.00000000	0.00000000
5.30002880	56206.00000000	0.00000000	0.00000000
5.31002903	53378.00000000	0.00000000	0.00000000
5.32002926	40954.00000000	0.00000000	0.00000000
5.33002949	33329.00000000	0.00000000	0.00000000
5.34002972	26440.00000000	0.00000000	0.00000000
5.35002995	20783.00000000	0.00000000	0.00000000
5.36003017	17215.00000000	0.00000000	0.00000000
5.37003040	15370.00000000	0.00000000	0.00000000
5.38003063	16724.00000000	0.00000000	0.00000000
5.39003086	20536.00000000	0.00000000	0.00000000
5.40003109	26933.00000000	0.00000000	0.00000000
5.41003132	35050.00000000	0.00000000	0.00000000
5.42003155	60264.00000000	0.00000000	0.00000000
5.43003178	60511.00000000	0.00000000	0.00000000
5.44003201	64079.00000000	0.00000000	0.00000000
5.45003223	63955.00000000	0.00000000	0.00000000
5.46003246	60142.00000000	0.00000000	0.00000000
5.47003269	53993.00000000	0.00000000	0.00000000
5.48003292	44890.00000000	0.00000000	0.00000000
5.49003315	35297.00000000	0.00000000	0.00000000
5.50003338	25087.00000000	0.00000000	0.00000000
5.51003361	17584.00000000	0.00000000	0.00000000
5.52003384	13157.00000000	0.00000000	0.00000000
5.53003407	12172.00000000	0.00000000	0.00000000
5.54003429	22012.00000000	0.00000000	0.00000000
5.55003452	29023.00000000	0.00000000	0.00000000
5.56003475	36650.00000000	0.00000000	0.00000000
5.57003498	44398.00000000	0.00000000	0.00000000
5.58003521	50795.00000000	0.00000000	0.00000000
5.59003544	53869.00000000	0.00000000	0.00000000
5.60003567	55468.00000000	0.00000000	0.00000000
5.61003590	54239.00000000	0.00000000	0.00000000
5.62003613	51901.00000000	0.00000000	0.00000000
5.63003635	46613.00000000	0.00000000	0.00000000
5.64003658	39109.00000000	0.00000000	0.00000000
5.65003681	24842.00000000	0.00000000	0.00000000
5.66003704	19675.00000000	0.00000000	0.00000000
5.67003727	16724.00000000	0.00000000	0.00000000
5.68003750	16477.00000000	0.00000000	0.00000000
5.69003773	19429.00000000	0.00000000	0.00000000
5.70003796	25703.00000000	0.00000000	0.00000000
5.71003819	33205.00000000	0.00000000	0.00000000
5.72003841	43169.00000000	0.00000000	0.00000000
5.73003864	51532.00000000	0.00000000	0.00000000
5.74003887	57313.00000000	0.00000000	0.00000000
5.75003910	60881.00000000	0.00000000	0.00000000
5.76003933	54238.00000000	0.00000000	0.00000000
5.77003956	50671.00000000	0.00000000	0.00000000
5.78003979	42184.00000000	0.00000000	0.00000000
5.79004002	33083.00000000	0.00000000	0.00000000
5.80004025	24226.00000000	0.00000000	0.00000000
5.81004047	17831.00000000	0.00000000	0.00000000
5.82004070	12664.00000000	0.00000000	0.00000000
5.83004093	11557.00000000	0.00000000	0.00000000
5.84004116	13526.00000000	0.00000000	0.00000000
5.85004139	17707.00000000	0.00000000	0.00000000
5.86004162	23366.00000000	0.00000000	0.00000000
5.87004185	30622.00000000	0.00000000	0.00000000
5.88004208	39725.00000000	0.00000000	0.00000000
5.89004230	50548.00000000	0.00000000	0.00000000
5.90004253	53870.00000000	0.00000000	0.00000000
5.91004276	54238.00000000	0.00000000	0.00000000
5.92004299	51409.00000000	0.00000000	0.00000000
5.93004322	47474.00000000	0.00000000	0.00000000
5.94004345	41446.00000000	0.00000000	0.00000000
5.95004368	34190.00000000	0.00000000	0.00000000
5.96004391	27424.00000000	0.00000000	0.00000000
5.97004414	20659.00000000	0.00000000	0.00000000
5.98004436	24715.00000000	0.00000000	0.00000000
5.99004459	15740.00000000	0.00000000	0.00000000
6.00004482	20782.00000000	0.00000000	0.00000000
