Position	Counts A	Counts B	Counts AB
3.00999999	37018.00000000	0.00000000	0.00000000
3.01999998	15248.00000000	0.00000000	0.00000000
3.02999997	14263.00000000	0.00000000	0.00000000
3.03999996	17830.00000000	0.00000000	0.00000000
3.04999995	23612.00000000	0.00000000	0.00000000
3.05999994	30745.00000000	0.00000000	0.00000000
3.06999993	39233.00000000	0.00000000	0.00000000
3.07999992	46858.00000000	0.00000000	0.00000000
3.08999991	36282.00000000	0.00000000	0.00000000
3.09999990	39479.00000000	0.00000000	0.00000000
3.10999990	48581.00000000	0.00000000	0.00000000
3.11999989	45259.00000000	0.00000000	0.00000000
3.12999988	39970.00000000	0.00000000	0.00000000
3.13999987	33452.00000000	0.00000000	0.00000000
3.14999986	25210.00000000	0.00000000	0.00000000
3.15999985	17585.00000000	0.00000000	0.00000000
3.16999984	12664.00000000	0.00000000	0.00000000
3.17999983	11434.00000000	0.00000000	0.00000000
3.18999982	20535.00000000	0.00000000	0.00000000
3.19999981	23858.00000000	0.00000000	0.00000000
3.20999980	31729.00000000	0.00000000	0.00000000
3.21999979	39478.00000000	0.00000000	0.00000000
3.22999978	45014.00000000	0.00000000	0.00000000
3.23999977	47965.00000000	0.00000000	0.00000000
3.24999976	48089.00000000	0.00000000	0.00000000
3.25999975	47350.00000000	0.00000000	0.00000000
3.26999974	46858.00000000	0.00000000	0.00000000
3.27999973	43907.00000000	0.00000000	0.00000000
3.28999972	37633.00000000	0.00000000	0.00000000
3.29999971	27302.00000000	0.00000000	0.00000000
3.30999970	12295.00000000	0.00000000	0.00000000
3.31999969	10943.00000000	0.00000000	0.00000000
3.32999969	11557.00000000	0.00000000	0.00000000
3.33999968	13772.00000000	0.00000000	0.00000000
3.34999967	18691.00000000	0.00000000	0.00000000
3.35999966	24841.00000000	0.00000000	0.00000000
3.36999965	33329.00000000	0.00000000	0.00000000
3.37999964	39724.00000000	0.00000000	0.00000000
3.38999963	42800.00000000	0.00000000	0.00000000
3.39999962	44890.00000000	0.00000000	0.00000000
3.40999961	46981.00000000	0.00000000	0.00000000
3.41999960	70226.00000000	0.00000000	0.00000000
3.42999959	40955.00000000	0.00000000	0.00000000
3.43999958	30745.00000000	0.00000000	0.00000000
3.44999957	21520.00000000	0.00000000	0.00000000
3.45999956	15986.00000000	0.00000000	0.00000000
3.46999955	13156.00000000	0.00000000	0.00000000
3.47999954	12173.00000000	0.00000000	0.00000000
3.48999953	12910.00000000	0.00000000	0.00000000
3.49999952	16354.00000000	0.00000000	0.00000000
3.50999951	22505.00000000	0.00000000	0.00000000
3.51999950	30376.00000000	0.00000000	0.00000000
3.52999949	37019.00000000	0.00000000	0.00000000
3.53999949	58173.00000000	0.00000000	0.00000000
3.54999948	51779.00000000	0.00000000	0.00000000
3.55999947	55099.00000000	0.00000000	0.00000000
3.56999946	51533.00000000	0.00000000	0.00000000
3.57999945	43168.00000000	0.00000000	0.00000000
3.58999944	33082.00000000	0.00000000	0.00000000
3.59999943	24842.00000000	0.00000000	0.00000000
3.60999942	19921.00000000	0.00000000	0.00000000
3.61999941	15863.00000000	0.00000000	0.00000000
3.62999940	12787.00000000	0.00000000	0.00000000
3.63999939	14264.00000000	0.00000000	0.00000000
3.64999938	19921.00000000	0.00000000	0.00000000
3.65999937	25580.00000000	0.00000000	0.00000000
3.66999936	31606.00000000	0.00000000	0.00000000
3.67999935	39109.00000000	0.00000000	0.00000000
3.68999934	47597.00000000	0.00000000	0.00000000
3.69999933	55345.00000000	0.00000000	0.00000000
3.70999932	57068.00000000	0.00000000	0.00000000
3.71999931	52762.00000000	0.00000000	0.00000000
3.72999930	43168.00000000	0.00000000	0.00000000
3.73999929	34313.00000000	0.00000000	0.00000000
3.74999928	36402.00000000	0.00000000	0.00000000
3.75999928	17461.00000000	0.00000000	0.00000000
3.76999927	12295.00000000	0.00000000	0.00000000
3.77999926	9344.00000000	0.00000000	0.00000000
3.78999925	9835.00000000	0.00000000	0.00000000
3.79999924	13280.00000000	0.00000000	0.00000000
3.80999923	18937.00000000	0.00000000	0.00000000
3.81999922	27178.00000000	0.00000000	0.00000000
3.82999921	37511.00000000	0.00000000	0.00000000
3.83999920	47719.00000000	0.00000000	0.00000000
3.84999919	54485.00000000	0.00000000	0.00000000
3.85999918	39603.00000000	0.00000000	0.00000000
3.86999917	43538.00000000	0.00000000	0.00000000
3.87999916	39724.00000000	0.00000000	0.00000000
3.88999915	35788.00000000	0.00000000	0.00000000
3.89999914	28901.00000000	0.00000000	0.00000000
3.90999913	19798.00000000	0.00000000	0.00000000
3.91999912	12173.00000000	0.00000000	0.00000000
3.92999911	9958.00000000	0.00000000	0.00000000
3.93999910	11312.00000000	0.00000000	0.00000000
3.94999909	14386.00000000	0.00000000	0.00000000
3.95999908	19306.00000000	0.00000000	0.00000000
3.96999907	26195.00000000	0.00000000	0.00000000
3.97999907	39233.00000000	0.00000000	0.00000000
3.98999906	44768.00000000	0.00000000	0.00000000
3.99999905	45259.00000000	0.00000000	0.00000000
4.00999928	45383.00000000	0.00000000	0.00000000
4.01999950	45505.00000000	0.00000000	0.00000000
4.02999973	44767.00000000	0.00000000	0.00000000
4.03999996	39848.00000000	0.00000000	0.00000000
4.05000019	31237.00000000	0.00000000	0.00000000
4.06000042	22382.00000000	0.00000000	0.00000000
4.07000065	17338.00000000	0.00000000	0.00000000
4.08000088	12541.00000000	0.00000000	0.00000000
4.09000111	13402.00000000	0.00000000	0.00000000
4.10000134	18200.00000000	0.00000000	0.00000000
4.11000156	24349.00000000	0.00000000	0.00000000
4.12000179	32098.00000000	0.00000000	0.00000000
4.13000202	38372.00000000	0.00000000	0.00000000
4.14000225	41569.00000000	0.00000000	0.00000000
4.15000248	44768.00000000	0.00000000	0.00000000
4.16000271	47104.00000000	0.00000000	0.00000000
4.17000294	47104.00000000	0.00000000	0.00000000
4.18000317	43046.00000000	0.00000000	0.00000000
4.19000340	35788.00000000	0.00000000	0.00000000
4.20000362	21766.00000000	0.00000000	0.00000000
4.21000385	17830.00000000	0.00000000	0.00000000
4.22000408	14756.00000000	0.00000000	0.00000000
4.23000431	12418.00000000	0.00000000	0.00000000
4.24000454	12665.00000000	0.00000000	0.00000000
4.25000477	15862.00000000	0.00000000	0.00000000
4.26000500	21151.00000000	0.00000000	0.00000000
4.27000523	26933.00000000	0.00000000	0.00000000
4.28000546	32836.00000000	0.00000000	0.00000000
4.29000568	52023.00000000	0.00000000	0.00000000
4.30000591	50425.00000000	0.00000000	0.00000000
4.31000614	50303.00000000	0.00000000	0.00000000
4.32000637	47104.00000000	0.00000000	0.00000000
4.33000660	41078.00000000	0.00000000	0.00000000
4.34000683	35542.00000000	0.00000000	0.00000000
4.35000706	29884.00000000	0.00000000	0.00000000
4.36000729	23243.00000000	0.00000000	0.00000000
4.37000751	16969.00000000	0.00000000	0.00000000
4.38000774	12665.00000000	0.00000000	0.00000000
4.39000797	11434.00000000	0.00000000	0.00000000
4.40000820	13279.00000000	0.00000000	0.00000000
4.41000843	17831.00000000	0.00000000	0.00000000
4.42000866	30008.00000000	0.00000000	0.00000000
4.43000889	37018.00000000	0.00000000	0.00000000
4.44000912	43783.00000000	0.00000000	0.00000000
4.45000935	49442.00000000	0.00000000	0.00000000
4.46000957	51163.00000000	0.00000000	0.00000000
4.47000980	49442.00000000	0.00000000	0.00000000
4.48001003	45505.00000000	0.00000000	0.00000000
4.49001026	40708.00000000	0.00000000	0.00000000
4.50001049	33821.00000000	0.00000000	0.00000000
4.51001072	30129.00000000	0.00000000	0.00000000
4.52001095	14017.00000000	0.00000000	0.00000000
4.53001118	11926.00000000	0.00000000	0.00000000
4.54001141	13772.00000000	0.00000000	0.00000000
4.55001163	17461.00000000	0.00000000	0.00000000
4.56001186	23489.00000000	0.00000000	0.00000000
4.57001209	30376.00000000	0.00000000	0.00000000
4.58001232	36895.00000000	0.00000000	0.00000000
4.59001255	43907.00000000	0.00000000	0.00000000
4.60001278	49810.00000000	0.00000000	0.00000000
4.61001301	51287.00000000	0.00000000	0.00000000
4.62001324	56820.00000000	0.00000000	0.00000000
4.63001347	44522.00000000	0.00000000	0.00000000
4.64001369	38248.00000000	0.00000000	0.00000000
4.65001392	31730.00000000	0.00000000	0.00000000
4.66001415	24964.00000000	0.00000000	0.00000000
4.67001438	19306.00000000	0.00000000	0.00000000
4.68001461	15617.00000000	0.00000000	0.00000000
4.69001484	14140.00000000	0.00000000	0.00000000
4.70001507	14756.00000000	0.00000000	0.00000000
4.71001530	17584.00000000	0.00000000	0.00000000
4.72001553	46241.00000000	0.00000000	0.00000000
4.73001575	39355.00000000	0.00000000	0.00000000
4.74001598	45014.00000000	0.00000000	0.00000000
4.75001621	49933.00000000	0.00000000	0.00000000
4.76001644	52639.00000000	0.00000000	0.00000000
4.77001667	53378.00000000	0.00000000	0.00000000
4.78001690	50302.00000000	0.00000000	0.00000000
4.79001713	45875.00000000	0.00000000	0.00000000
4.80001736	38248.00000000	0.00000000	0.00000000
4.81001759	30745.00000000	0.00000000	0.00000000
4.82001781	24596.00000000	0.00000000	0.00000000
4.83001804	19552.00000000	0.00000000	0.00000000
4.84001827	21519.00000000	0.00000000	0.00000000
4.85001850	16354.00000000	0.00000000	0.00000000
4.86001873	21890.00000000	0.00000000	0.00000000
4.87001896	28285.00000000	0.00000000	0.00000000
4.88001919	35789.00000000	0.00000000	0.00000000
4.89001942	44152.00000000	0.00000000	0.00000000
4.90001965	51532.00000000	0.00000000	0.00000000
4.91001987	56699.00000000	0.00000000	0.00000000
4.92002010	58420.00000000	0.00000000	0.00000000
4.93002033	56699.00000000	0.00000000	0.00000000
4.94002056	51286.00000000	0.00000000	0.00000000
4.95002079	37511.00000000	0.00000000	0.00000000
4.96002102	30007.00000000	0.00000000	0.00000000
4.97002125	22136.00000000	0.00000000	0.00000000
4.98002148	16354.00000000	0.00000000	0.00000000
4.99002171	13771.00000000	0.00000000	0.00000000
5.00002193	14756.00000000	0.00000000	0.00000000
5.01002216	19552.00000000	0.00000000	0.00000000
5.02002239	26195.00000000	0.00000000	0.00000000
5.03002262	33574.00000000	0.00000000	0.00000000
5.04002285	42799.00000000	0.00000000	0.00000000
5.05002308	52025.00000000	0.00000000	0.00000000
5.06002331	71088.00000000	0.00000000	0.00000000
5.07002354	58913.00000000	0.00000000	0.00000000
5.08002377	53377.00000000	0.00000000	0.00000000
5.09002399	47228.00000000	0.00000000	0.00000000
5.10002422	39970.00000000	0.00000000	0.00000000
5.11002445	30253.00000000	0.00000000	0.00000000
5.12002468	21890.00000000	0.00000000	0.00000000
5.13002491	16600.00000000	0.00000000	0.00000000
5.14002514	13895.00000000	0.00000000	0.00000000
5.15002537	15247.00000000	0.00000000	0.00000000
5.16002560	20044.00000000	0.00000000	0.00000000
5.17002583	27179.00000000	0.00000000	0.00000000
5.18002605	44521.00000000	0.00000000	0.00000000
5.19002628	52639.00000000	0.00000000	0.00000000
5.20002651	58174.00000000	0.00000000	0.00000000
5.21002674	60635.00000000	0.00000000	0.00000000
5.22002697	60019.00000000	0.00000000	0.00000000
5.23002720	57191.00000000	0.00000000	0.00000000
5.24002743	52639.00000000	0.00000000	0.00000000
5.25002766	45136.00000000	0.00000000	0.00000000
5.26002789	35912.00000000	0.00000000	0.00000000
5.27002811	27055.00000000	0.00000000	0.00000000
5.28002834	16354.00000000	0.00000000	0.00000000
5.29002857	14755.00000000	0.00000000	0.00000000
5.30002880	15740.00000000	0.00000000	0.00000000
5.31002903	19675.00000000	0.00000000	0.00000000
5.32002926	25580.00000000	0.00000000	0.00000000
5.33002949	33205.00000000	0.00000000	0.00000000
5.34002972	39847.00000000	0.00000000	0.00000000
5.35002995	45875.00000000	0.00000000	0.00000000
5.36003017	52270.00000000	0.00000000	0.00000000
5.37003040	56084.00000000	0.00000000	0.00000000
5.38003063	58174.00000000	0.00000000	0.00000000
5.39003086	55961.00000000	0.00000000	0.00000000
5.40003109	43414.00000000	0.00000000	0.00000000
5.41003132	36404.00000000	0.00000000	0.00000000
5.42003155	29269.00000000	0.00000000	0.00000000
5.43003178	22996.00000000	0.00000000	0.00000000
5.44003201	17462.00000000	0.00000000	0.00000000
5.45003223	14017.00000000	0.00000000	0.00000000
5.46003246	14264.00000000	0.00000000	0.00000000
5.47003269	17215.00000000	0.00000000	0.00000000
5.48003292	21889.00000000	0.00000000	0.00000000
5.49003315	51776.00000000	0.00000000	0.00000000
5.50003338	43538.00000000	0.00000000	0.00000000
5.51003361	49933.00000000	0.00000000	0.00000000
5.52003384	51409.00000000	0.00000000	0.00000000
5.53003407	50795.00000000	0.00000000	0.00000000
5.54003429	48457.00000000	0.00000000	0.00000000
5.55003452	44153.00000000	0.00000000	0.00000000
5.56003475	39601.00000000	0.00000000	0.00000000
5.57003498	32467.00000000	0.00000000	0.00000000
5.58003521	24596.00000000	0.00000000	0.00000000
5.59003544	18445.00000000	0.00000000	0.00000000
5.60003567	20658.00000000	0.00000000	0.00000000
5.61003590	16354.00000000	0.00000000	0.00000000
5.62003613	19922.00000000	0.00000000	0.00000000
5.63003635	26194.00000000	0.00000000	0.00000000
5.64003658	31976.00000000	0.00000000	0.00000000
5.65003681	37879.00000000	0.00000000	0.00000000
5.66003704	42799.00000000	0.00000000	0.00000000
5.67003727	46121.00000000	0.00000000	0.00000000
5.68003750	48703.00000000	0.00000000	0.00000000
5.69003773	48335.00000000	0.00000000	0.00000000
5.70003796	43168.00000000	0.00000000	0.00000000
5.71003819	31484.00000000	0.00000000	0.00000000
5.72003841	26317.00000000	0.00000000	0.00000000
5.73003864	22136.00000000	0.00000000	0.00000000
5.74003887	18076.00000000	0.00000000	0.00000000
5.75003910	14386.00000000	0.00000000	0.00000000
5.76003933	13772.00000000	0.00000000	0.00000000
5.77003956	16723.00000000	0.00000000	0.00000000
5.78003979	21767.00000000	0.00000000	0.00000000
5.79004002	28408.00000000	0.00000000	0.00000000
5.80004025	35542.00000000	0.00000000	0.00000000
5.81004047	56205.00000000	0.00000000	0.00000000
5.82004070	48704.00000000	0.00000000	0.00000000
5.83004093	46120.00000000	0.00000000	0.00000000
5.84004116	42676.00000000	0.00000000	0.00000000
5.85004139	38249.00000000	0.00000000	0.00000000
5.86004162	32836.00000000	0.00000000	0.00000000
5.87004185	24965.00000000	0.00000000	0.00000000
5.88004208	17953.00000000	0.00000000	0.00000000
5.89004230	13525.00000000	0.00000000	0.00000000
5.90004253	13772.00000000	0.00000000	0.00000000
5.91004276	22505.00000000	0.00000000	0.00000000
5.92004299	30007.00000000	0.00000000	0.00000000
5.93004322	37141.00000000	0.00000000	0.00000000
5.94004345	43784.00000000	0.00000000	0.00000000
5.95004368	46735.00000000	0.00000000	0.00000000
5.96004391	47228.00000000	0.00000000	0.00000000
5.97004414	46366.00000000	0.00000000	0.00000000
5.98004436	45997.00000000	0.00000000	0.00000000
5.99004459	43292.00000000	0.00000000	0.00000000
6.00004482	37510.00000000	0.00000000	0.00000000
