Position	Counts A	Counts B	Counts AB
3.00999999	30007.00000000	0.00000000	0.00000000
3.01999998	31607.00000000	0.00000000	0.00000000
3.02999997	27547.00000000	0.00000000	0.00000000
3.03999996	22382.00000000	0.00000000	0.00000000
3.04999995	16231.00000000	0.00000000	0.00000000
3.05999994	12172.00000000	0.00000000	0.00000000
3.06999993	10943.00000000	0.00000000	0.00000000
3.07999992	12787.00000000	0.00000000	0.00000000
3.08999991	16232.00000000	0.00000000	0.00000000
3.09999990	21766.00000000	0.00000000	0.00000000
3.10999990	49932.00000000	0.00000000	0.00000000
3.11999989	44275.00000000	0.00000000	0.00000000
3.12999988	49934.00000000	0.00000000	0.00000000
3.13999987	52393.00000000	0.00000000	0.00000000
3.14999986	51778.00000000	0.00000000	0.00000000
3.15999985	49196.00000000	0.00000000	0.00000000
3.16999984	45505.00000000	0.00000000	0.00000000
3.17999983	40094.00000000	0.00000000	0.00000000
3.18999982	32344.00000000	0.00000000	0.00000000
3.19999981	25087.00000000	0.00000000	0.00000000
3.20999980	25945.00000000	0.00000000	0.00000000
3.21999979	12296.00000000	0.00000000	0.00000000
3.22999978	13894.00000000	0.00000000	0.00000000
3.23999977	18076.00000000	0.00000000	0.00000000
3.24999976	23858.00000000	0.00000000	0.00000000
3.25999975	32344.00000000	0.00000000	0.00000000
3.26999974	41201.00000000	0.00000000	0.00000000
3.27999973	48580.00000000	0.00000000	0.00000000
3.28999972	54976.00000000	0.00000000	0.00000000
3.29999971	57437.00000000	0.00000000	0.00000000
3.30999970	56452.00000000	0.00000000	0.00000000
3.31999969	63217.00000000	0.00000000	0.00000000
3.32999969	42307.00000000	0.00000000	0.00000000
3.33999968	33944.00000000	0.00000000	0.00000000
3.34999967	25702.00000000	0.00000000	0.00000000
3.35999966	18569.00000000	0.00000000	0.00000000
3.36999965	14263.00000000	0.00000000	0.00000000
3.37999964	13279.00000000	0.00000000	0.00000000
3.38999963	15494.00000000	0.00000000	0.00000000
3.39999962	21028.00000000	0.00000000	0.00000000
3.40999961	29270.00000000	0.00000000	0.00000000
3.41999960	42799.00000000	0.00000000	0.00000000
3.42999959	61249.00000000	0.00000000	0.00000000
3.43999958	57313.00000000	0.00000000	0.00000000
3.44999957	58544.00000000	0.00000000	0.00000000
3.45999956	57190.00000000	0.00000000	0.00000000
3.46999955	53869.00000000	0.00000000	0.00000000
3.47999954	47351.00000000	0.00000000	0.00000000
3.48999953	38125.00000000	0.00000000	0.00000000
3.49999952	27302.00000000	0.00000000	0.00000000
3.50999951	20044.00000000	0.00000000	0.00000000
3.51999950	16108.00000000	0.00000000	0.00000000
3.52999949	15002.00000000	0.00000000	0.00000000
3.53999949	15247.00000000	0.00000000	0.00000000
3.54999948	18938.00000000	0.00000000	0.00000000
3.55999947	30376.00000000	0.00000000	0.00000000
3.56999946	36404.00000000	0.00000000	0.00000000
3.57999945	43291.00000000	0.00000000	0.00000000
3.58999944	50303.00000000	0.00000000	0.00000000
3.59999943	56329.00000000	0.00000000	0.00000000
3.60999942	59158.00000000	0.00000000	0.00000000
3.61999941	57437.00000000	0.00000000	0.00000000
3.62999940	50302.00000000	0.00000000	0.00000000
3.63999939	42923.00000000	0.00000000	0.00000000
3.64999938	36526.00000000	0.00000000	0.00000000
3.65999937	30991.00000000	0.00000000	0.00000000
3.66999936	44640.00000000	0.00000000	0.00000000
3.67999935	15002.00000000	0.00000000	0.00000000
3.68999934	12172.00000000	0.00000000	0.00000000
3.69999933	12787.00000000	0.00000000	0.00000000
3.70999932	16355.00000000	0.00000000	0.00000000
3.71999931	21520.00000000	0.00000000	0.00000000
3.72999930	29023.00000000	0.00000000	0.00000000
3.73999929	36896.00000000	0.00000000	0.00000000
3.74999928	44644.00000000	0.00000000	0.00000000
3.75999928	49442.00000000	0.00000000	0.00000000
3.76999927	49687.00000000	0.00000000	0.00000000
3.77999926	47842.00000000	0.00000000	0.00000000
3.78999925	44276.00000000	0.00000000	0.00000000
3.79999924	33698.00000000	0.00000000	0.00000000
3.80999923	24718.00000000	0.00000000	0.00000000
3.81999922	15986.00000000	0.00000000	0.00000000
3.82999921	11680.00000000	0.00000000	0.00000000
3.83999920	12172.00000000	0.00000000	0.00000000
3.84999919	15617.00000000	0.00000000	0.00000000
3.85999918	20290.00000000	0.00000000	0.00000000
3.86999917	27055.00000000	0.00000000	0.00000000
3.87999916	34313.00000000	0.00000000	0.00000000
3.88999915	40093.00000000	0.00000000	0.00000000
3.89999914	44030.00000000	0.00000000	0.00000000
3.90999913	54483.00000000	0.00000000	0.00000000
3.91999912	45752.00000000	0.00000000	0.00000000
3.92999911	42061.00000000	0.00000000	0.00000000
3.93999910	34682.00000000	0.00000000	0.00000000
3.94999909	26317.00000000	0.00000000	0.00000000
3.95999908	21520.00000000	0.00000000	0.00000000
3.96999907	17831.00000000	0.00000000	0.00000000
3.97999907	15001.00000000	0.00000000	0.00000000
3.98999906	12665.00000000	0.00000000	0.00000000
3.99999905	12664.00000000	0.00000000	0.00000000
4.00999928	16108.00000000	0.00000000	0.00000000
4.01999950	21521.00000000	0.00000000	0.00000000
4.02999973	32344.00000000	0.00000000	0.00000000
4.03999996	40093.00000000	0.00000000	0.00000000
4.05000019	44152.00000000	0.00000000	0.00000000
4.06000042	45014.00000000	0.00000000	0.00000000
4.07000065	43045.00000000	0.00000000	0.00000000
4.08000088	40340.00000000	0.00000000	0.00000000
4.09000111	37756.00000000	0.00000000	0.00000000
4.10000134	32467.00000000	0.00000000	0.00000000
4.11000156	25457.00000000	0.00000000	0.00000000
4.12000179	18691.00000000	0.00000000	0.00000000
4.13000202	14510.00000000	0.00000000	0.00000000
4.14000225	13156.00000000	0.00000000	0.00000000
4.15000248	14633.00000000	0.00000000	0.00000000
4.16000271	17707.00000000	0.00000000	0.00000000
4.17000294	23243.00000000	0.00000000	0.00000000
4.18000317	29269.00000000	0.00000000	0.00000000
4.19000340	33943.00000000	0.00000000	0.00000000
4.20000362	39356.00000000	0.00000000	0.00000000
4.21000385	43168.00000000	0.00000000	0.00000000
4.22000408	44399.00000000	0.00000000	0.00000000
4.23000431	42061.00000000	0.00000000	0.00000000
4.24000454	37879.00000000	0.00000000	0.00000000
4.25000477	32960.00000000	0.00000000	0.00000000
4.26000500	27301.00000000	0.00000000	0.00000000
4.27000523	31849.00000000	0.00000000	0.00000000
4.28000546	12049.00000000	0.00000000	0.00000000
4.29000568	11435.00000000	0.00000000	0.00000000
4.30000591	13402.00000000	0.00000000	0.00000000
4.31000614	18200.00000000	0.00000000	0.00000000
4.32000637	23611.00000000	0.00000000	0.00000000
4.33000660	29761.00000000	0.00000000	0.00000000
4.34000683	36035.00000000	0.00000000	0.00000000
4.35000706	40216.00000000	0.00000000	0.00000000
4.36000729	42554.00000000	0.00000000	0.00000000
4.37000751	43168.00000000	0.00000000	0.00000000
4.38000774	42676.00000000	0.00000000	0.00000000
4.39000797	34312.00000000	0.00000000	0.00000000
4.40000820	28163.00000000	0.00000000	0.00000000
4.41000843	22012.00000000	0.00000000	0.00000000
4.42000866	17461.00000000	0.00000000	0.00000000
4.43000889	14387.00000000	0.00000000	0.00000000
4.44000912	12664.00000000	0.00000000	0.00000000
4.45000935	13280.00000000	0.00000000	0.00000000
4.46000957	16108.00000000	0.00000000	0.00000000
4.47000980	21151.00000000	0.00000000	0.00000000
4.48001003	27179.00000000	0.00000000	0.00000000
4.49001026	32590.00000000	0.00000000	0.00000000
4.50001049	41692.00000000	0.00000000	0.00000000
4.51001072	47104.00000000	0.00000000	0.00000000
4.52001095	48212.00000000	0.00000000	0.00000000
4.53001118	46489.00000000	0.00000000	0.00000000
4.54001141	41693.00000000	0.00000000	0.00000000
4.55001163	36526.00000000	0.00000000	0.00000000
4.56001186	30499.00000000	0.00000000	0.00000000
4.57001209	25334.00000000	0.00000000	0.00000000
4.58001232	20044.00000000	0.00000000	0.00000000
4.59001255	15248.00000000	0.00000000	0.00000000
4.60001278	13033.00000000	0.00000000	0.00000000
4.61001301	14017.00000000	0.00000000	0.00000000
4.62001324	18200.00000000	0.00000000	0.00000000
4.63001347	40707.00000000	0.00000000	0.00000000
4.64001369	41446.00000000	0.00000000	0.00000000
4.65001392	46981.00000000	0.00000000	0.00000000
4.66001415	49565.00000000	0.00000000	0.00000000
4.67001438	50794.00000000	0.00000000	0.00000000
4.68001461	51041.00000000	0.00000000	0.00000000
4.69001484	51163.00000000	0.00000000	0.00000000
4.70001507	47473.00000000	0.00000000	0.00000000
4.71001530	39848.00000000	0.00000000	0.00000000
4.72001553	29638.00000000	0.00000000	0.00000000
4.73001575	21644.00000000	0.00000000	0.00000000
4.74001598	17461.00000000	0.00000000	0.00000000
4.75001621	23732.00000000	0.00000000	0.00000000
4.76001644	18814.00000000	0.00000000	0.00000000
4.77001667	23489.00000000	0.00000000	0.00000000
4.78001690	29761.00000000	0.00000000	0.00000000
4.79001713	36034.00000000	0.00000000	0.00000000
4.80001736	44645.00000000	0.00000000	0.00000000
4.81001759	54115.00000000	0.00000000	0.00000000
4.82001781	59405.00000000	0.00000000	0.00000000
4.83001804	58789.00000000	0.00000000	0.00000000
4.84001827	50671.00000000	0.00000000	0.00000000
4.85001850	42308.00000000	0.00000000	0.00000000
4.86001873	36280.00000000	0.00000000	0.00000000
4.87001896	30500.00000000	0.00000000	0.00000000
4.88001919	15370.00000000	0.00000000	0.00000000
4.89001942	13403.00000000	0.00000000	0.00000000
4.90001965	15862.00000000	0.00000000	0.00000000
4.91001987	20660.00000000	0.00000000	0.00000000
4.92002010	27178.00000000	0.00000000	0.00000000
4.93002033	38002.00000000	0.00000000	0.00000000
4.94002056	48827.00000000	0.00000000	0.00000000
4.95002079	53992.00000000	0.00000000	0.00000000
4.96002102	54115.00000000	0.00000000	0.00000000
4.97002125	54731.00000000	0.00000000	0.00000000
4.98002148	56083.00000000	0.00000000	0.00000000
4.99002171	60880.00000000	0.00000000	0.00000000
5.00002193	39970.00000000	0.00000000	0.00000000
5.01002216	29885.00000000	0.00000000	0.00000000
5.02002239	24841.00000000	0.00000000	0.00000000
5.03002262	22874.00000000	0.00000000	0.00000000
5.04002285	20782.00000000	0.00000000	0.00000000
5.05002308	17707.00000000	0.00000000	0.00000000
5.06002331	18077.00000000	0.00000000	0.00000000
5.07002354	20782.00000000	0.00000000	0.00000000
5.08002377	24965.00000000	0.00000000	0.00000000
5.09002399	30745.00000000	0.00000000	0.00000000
5.10002422	48827.00000000	0.00000000	0.00000000
5.11002445	58543.00000000	0.00000000	0.00000000
5.12002468	60020.00000000	0.00000000	0.00000000
5.13002491	55714.00000000	0.00000000	0.00000000
5.14002514	49810.00000000	0.00000000	0.00000000
5.15002537	42431.00000000	0.00000000	0.00000000
5.16002560	38617.00000000	0.00000000	0.00000000
5.17002583	37265.00000000	0.00000000	0.00000000
5.18002605	29761.00000000	0.00000000	0.00000000
5.19002628	20044.00000000	0.00000000	0.00000000
5.20002651	15739.00000000	0.00000000	0.00000000
5.21002674	13526.00000000	0.00000000	0.00000000
5.22002697	17584.00000000	0.00000000	0.00000000
5.23002720	24226.00000000	0.00000000	0.00000000
5.24002743	33329.00000000	0.00000000	0.00000000
5.25002766	39970.00000000	0.00000000	0.00000000
5.26002789	42677.00000000	0.00000000	0.00000000
5.27002811	43168.00000000	0.00000000	0.00000000
5.28002834	45751.00000000	0.00000000	0.00000000
5.29002857	48335.00000000	0.00000000	0.00000000
5.30002880	63216.00000000	0.00000000	0.00000000
5.31002903	32959.00000000	0.00000000	0.00000000
5.32002926	26563.00000000	0.00000000	0.00000000
5.33002949	22136.00000000	0.00000000	0.00000000
5.34002972	19429.00000000	0.00000000	0.00000000
5.35002995	15740.00000000	0.00000000	0.00000000
5.36003017	14263.00000000	0.00000000	0.00000000
5.37003040	14017.00000000	0.00000000	0.00000000
5.38003063	16601.00000000	0.00000000	0.00000000
5.39003086	20290.00000000	0.00000000	0.00000000
5.40003109	24227.00000000	0.00000000	0.00000000
5.41003132	28408.00000000	0.00000000	0.00000000
5.42003155	42923.00000000	0.00000000	0.00000000
5.43003178	44890.00000000	0.00000000	0.00000000
5.44003201	42677.00000000	0.00000000	0.00000000
5.45003223	39724.00000000	0.00000000	0.00000000
5.46003246	38371.00000000	0.00000000	0.00000000
5.47003269	33698.00000000	0.00000000	0.00000000
5.48003292	24964.00000000	0.00000000	0.00000000
5.49003315	17585.00000000	0.00000000	0.00000000
5.50003338	13894.00000000	0.00000000	0.00000000
5.51003361	13402.00000000	0.00000000	0.00000000
5.52003384	14264.00000000	0.00000000	0.00000000
5.53003407	17461.00000000	0.00000000	0.00000000
5.54003429	23243.00000000	0.00000000	0.00000000
5.55003452	32713.00000000	0.00000000	0.00000000
5.56003475	39848.00000000	0.00000000	0.00000000
5.57003498	43045.00000000	0.00000000	0.00000000
5.58003521	44030.00000000	0.00000000	0.00000000
5.59003544	39970.00000000	0.00000000	0.00000000
5.60003567	34435.00000000	0.00000000	0.00000000
5.61003590	28901.00000000	0.00000000	0.00000000
5.62003613	26317.00000000	0.00000000	0.00000000
5.63003635	22505.00000000	0.00000000	0.00000000
5.64003658	17707.00000000	0.00000000	0.00000000
5.65003681	14509.00000000	0.00000000	0.00000000
5.66003704	12419.00000000	0.00000000	0.00000000
5.67003727	12787.00000000	0.00000000	0.00000000
5.68003750	19060.00000000	0.00000000	0.00000000
5.69003773	24103.00000000	0.00000000	0.00000000
5.70003796	29639.00000000	0.00000000	0.00000000
5.71003819	33451.00000000	0.00000000	0.00000000
5.72003841	37265.00000000	0.00000000	0.00000000
5.73003864	40954.00000000	0.00000000	0.00000000
5.74003887	43660.00000000	0.00000000	0.00000000
5.75003910	42185.00000000	0.00000000	0.00000000
5.76003933	37510.00000000	0.00000000	0.00000000
5.77003956	32591.00000000	0.00000000	0.00000000
5.78003979	30376.00000000	0.00000000	0.00000000
5.79004002	27547.00000000	0.00000000	0.00000000
5.80004025	26068.00000000	0.00000000	0.00000000
5.81004047	12419.00000000	0.00000000	0.00000000
5.82004070	14263.00000000	0.00000000	0.00000000
5.83004093	16354.00000000	0.00000000	0.00000000
5.84004116	19184.00000000	0.00000000	0.00000000
5.85004139	23242.00000000	0.00000000	0.00000000
5.86004162	27548.00000000	0.00000000	0.00000000
5.87004185	31975.00000000	0.00000000	0.00000000
5.88004208	38863.00000000	0.00000000	0.00000000
5.89004230	44276.00000000	0.00000000	0.00000000
5.90004253	44767.00000000	0.00000000	0.00000000
5.91004276	40094.00000000	0.00000000	0.00000000
5.92004299	36895.00000000	0.00000000	0.00000000
5.93004322	55097.00000000	0.00000000	0.00000000
5.94004345	25825.00000000	0.00000000	0.00000000
5.95004368	18077.00000000	0.00000000	0.00000000
5.96004391	16231.00000000	0.00000000	0.00000000
5.97004414	16477.00000000	0.00000000	0.00000000
5.98004436	16601.00000000	0.00000000	0.00000000
5.99004459	15370.00000000	0.00000000	0.00000000
6.00004482	15986.00000000	0.00000000	0.00000000
