Position	Counts A	Counts B	Counts AB
3.00999999	30746.00000000	0.00000000	0.00000000
3.01999998	33328.00000000	0.00000000	0.00000000
3.02999997	35174.00000000	0.00000000	0.00000000
3.03999996	39109.00000000	0.00000000	0.00000000
3.04999995	42430.00000000	0.00000000	0.00000000
3.05999994	36773.00000000	0.00000000	0.00000000
3.06999993	48089.00000000	0.00000000	0.00000000
3.07999992	47965.00000000	0.00000000	0.00000000
3.08999991	45997.00000000	0.00000000	0.00000000
3.09999990	41816.00000000	0.00000000	0.00000000
3.10999990	35296.00000000	0.00000000	0.00000000
3.11999989	29393.00000000	0.00000000	0.00000000
3.12999988	23611.00000000	0.00000000	0.00000000
3.13999987	19921.00000000	0.00000000	0.00000000
3.14999986	19184.00000000	0.00000000	0.00000000
3.15999985	21397.00000000	0.00000000	0.00000000
3.16999984	26194.00000000	0.00000000	0.00000000
3.17999983	32468.00000000	0.00000000	0.00000000
3.18999982	67028.00000000	0.00000000	0.00000000
3.19999981	51409.00000000	0.00000000	0.00000000
3.20999980	52147.00000000	0.00000000	0.00000000
3.21999979	50057.00000000	0.00000000	0.00000000
3.22999978	46243.00000000	0.00000000	0.00000000
3.23999977	41078.00000000	0.00000000	0.00000000
3.24999976	35788.00000000	0.00000000	0.00000000
3.25999975	30376.00000000	0.00000000	0.00000000
3.26999974	25580.00000000	0.00000000	0.00000000
3.27999973	22627.00000000	0.00000000	0.00000000
3.28999972	20660.00000000	0.00000000	0.00000000
3.29999971	20290.00000000	0.00000000	0.00000000
3.30999970	32466.00000000	0.00000000	0.00000000
3.31999969	28777.00000000	0.00000000	0.00000000
3.32999969	33944.00000000	0.00000000	0.00000000
3.33999968	39478.00000000	0.00000000	0.00000000
3.34999967	44890.00000000	0.00000000	0.00000000
3.35999966	48458.00000000	0.00000000	0.00000000
3.36999965	50794.00000000	0.00000000	0.00000000
3.37999964	51533.00000000	0.00000000	0.00000000
3.38999963	49687.00000000	0.00000000	0.00000000
3.39999962	46120.00000000	0.00000000	0.00000000
3.40999961	41816.00000000	0.00000000	0.00000000
3.41999960	35911.00000000	0.00000000	0.00000000
3.42999959	23980.00000000	0.00000000	0.00000000
3.43999958	20044.00000000	0.00000000	0.00000000
3.44999957	19307.00000000	0.00000000	0.00000000
3.45999956	21028.00000000	0.00000000	0.00000000
3.46999955	24596.00000000	0.00000000	0.00000000
3.47999954	29392.00000000	0.00000000	0.00000000
3.48999953	36157.00000000	0.00000000	0.00000000
3.49999952	41816.00000000	0.00000000	0.00000000
3.50999951	45751.00000000	0.00000000	0.00000000
3.51999950	48335.00000000	0.00000000	0.00000000
3.52999949	48703.00000000	0.00000000	0.00000000
3.53999949	47965.00000000	0.00000000	0.00000000
3.54999948	46244.00000000	0.00000000	0.00000000
3.55999947	18079.00000000	0.00000000	0.00000000
3.56999946	33451.00000000	0.00000000	0.00000000
3.57999945	28777.00000000	0.00000000	0.00000000
3.58999944	24719.00000000	0.00000000	0.00000000
3.59999943	21889.00000000	0.00000000	0.00000000
3.60999942	20537.00000000	0.00000000	0.00000000
3.61999941	21397.00000000	0.00000000	0.00000000
3.62999940	23980.00000000	0.00000000	0.00000000
3.63999939	28778.00000000	0.00000000	0.00000000
3.64999938	34927.00000000	0.00000000	0.00000000
3.65999937	42800.00000000	0.00000000	0.00000000
3.66999936	48703.00000000	0.00000000	0.00000000
3.67999935	52517.00000000	0.00000000	0.00000000
3.68999934	51409.00000000	0.00000000	0.00000000
3.69999933	47228.00000000	0.00000000	0.00000000
3.70999932	41200.00000000	0.00000000	0.00000000
3.71999931	34312.00000000	0.00000000	0.00000000
3.72999930	27425.00000000	0.00000000	0.00000000
3.73999929	22627.00000000	0.00000000	0.00000000
3.74999928	20168.00000000	0.00000000	0.00000000
3.75999928	20659.00000000	0.00000000	0.00000000
3.76999927	23365.00000000	0.00000000	0.00000000
3.77999926	28655.00000000	0.00000000	0.00000000
3.78999925	34927.00000000	0.00000000	0.00000000
3.79999924	43414.00000000	0.00000000	0.00000000
3.80999923	46120.00000000	0.00000000	0.00000000
3.81999922	48704.00000000	0.00000000	0.00000000
3.82999921	49072.00000000	0.00000000	0.00000000
3.83999920	48581.00000000	0.00000000	0.00000000
3.84999919	46120.00000000	0.00000000	0.00000000
3.85999918	41815.00000000	0.00000000	0.00000000
3.86999917	36281.00000000	0.00000000	0.00000000
3.87999916	30991.00000000	0.00000000	0.00000000
3.88999915	25334.00000000	0.00000000	0.00000000
3.89999914	21889.00000000	0.00000000	0.00000000
3.90999913	20167.00000000	0.00000000	0.00000000
3.91999912	44148.00000000	0.00000000	0.00000000
3.92999911	27671.00000000	0.00000000	0.00000000
3.93999910	34312.00000000	0.00000000	0.00000000
3.94999909	41323.00000000	0.00000000	0.00000000
3.95999908	47597.00000000	0.00000000	0.00000000
3.96999907	52762.00000000	0.00000000	0.00000000
3.97999907	54485.00000000	0.00000000	0.00000000
3.98999906	53500.00000000	0.00000000	0.00000000
3.99999905	49687.00000000	0.00000000	0.00000000
4.00999928	45014.00000000	0.00000000	0.00000000
4.01999950	38863.00000000	0.00000000	0.00000000
4.02999973	32222.00000000	0.00000000	0.00000000
4.03999996	27301.00000000	0.00000000	0.00000000
4.05000019	23488.00000000	0.00000000	0.00000000
4.06000042	21274.00000000	0.00000000	0.00000000
4.07000065	24104.00000000	0.00000000	0.00000000
4.08000088	27793.00000000	0.00000000	0.00000000
4.09000111	32344.00000000	0.00000000	0.00000000
4.10000134	37511.00000000	0.00000000	0.00000000
4.11000156	42307.00000000	0.00000000	0.00000000
4.12000179	46367.00000000	0.00000000	0.00000000
4.13000202	48826.00000000	0.00000000	0.00000000
4.14000225	50548.00000000	0.00000000	0.00000000
4.15000248	50672.00000000	0.00000000	0.00000000
4.16000271	48334.00000000	0.00000000	0.00000000
4.17000294	43907.00000000	0.00000000	0.00000000
4.18000317	60508.00000000	0.00000000	0.00000000
4.19000340	25949.00000000	0.00000000	0.00000000
4.20000362	22381.00000000	0.00000000	0.00000000
4.21000385	20660.00000000	0.00000000	0.00000000
4.22000408	21766.00000000	0.00000000	0.00000000
4.23000431	25210.00000000	0.00000000	0.00000000
4.24000454	30746.00000000	0.00000000	0.00000000
4.25000477	38986.00000000	0.00000000	0.00000000
4.26000500	45875.00000000	0.00000000	0.00000000
4.27000523	51409.00000000	0.00000000	0.00000000
4.28000546	54976.00000000	0.00000000	0.00000000
4.29000568	56207.00000000	0.00000000	0.00000000
4.30000591	54607.00000000	0.00000000	0.00000000
4.31000614	49687.00000000	0.00000000	0.00000000
4.32000637	49564.00000000	0.00000000	0.00000000
4.33000660	28655.00000000	0.00000000	0.00000000
4.34000683	23734.00000000	0.00000000	0.00000000
4.35000706	20659.00000000	0.00000000	0.00000000
4.36000729	20291.00000000	0.00000000	0.00000000
4.37000751	21889.00000000	0.00000000	0.00000000
4.38000774	26564.00000000	0.00000000	0.00000000
4.39000797	31852.00000000	0.00000000	0.00000000
4.40000820	39232.00000000	0.00000000	0.00000000
4.41000843	45629.00000000	0.00000000	0.00000000
4.42000866	49933.00000000	0.00000000	0.00000000
4.43000889	51902.00000000	0.00000000	0.00000000
4.44000912	51778.00000000	0.00000000	0.00000000
4.45000935	50794.00000000	0.00000000	0.00000000
4.46000957	36527.00000000	0.00000000	0.00000000
4.47000980	37388.00000000	0.00000000	0.00000000
4.48001003	32344.00000000	0.00000000	0.00000000
4.49001026	27055.00000000	0.00000000	0.00000000
4.50001049	22997.00000000	0.00000000	0.00000000
4.51001072	21643.00000000	0.00000000	0.00000000
4.52001095	22628.00000000	0.00000000	0.00000000
4.53001118	25825.00000000	0.00000000	0.00000000
4.54001141	30622.00000000	0.00000000	0.00000000
4.55001163	36527.00000000	0.00000000	0.00000000
4.56001186	41569.00000000	0.00000000	0.00000000
4.57001209	46859.00000000	0.00000000	0.00000000
4.58001232	50302.00000000	0.00000000	0.00000000
4.59001255	71334.00000000	0.00000000	0.00000000
4.60001278	49441.00000000	0.00000000	0.00000000
4.61001301	45260.00000000	0.00000000	0.00000000
4.62001324	40093.00000000	0.00000000	0.00000000
4.63001347	34312.00000000	0.00000000	0.00000000
4.64001369	28163.00000000	0.00000000	0.00000000
4.65001392	23734.00000000	0.00000000	0.00000000
4.66001415	21644.00000000	0.00000000	0.00000000
4.67001438	21889.00000000	0.00000000	0.00000000
4.68001461	24841.00000000	0.00000000	0.00000000
4.69001484	31484.00000000	0.00000000	0.00000000
4.70001507	43907.00000000	0.00000000	0.00000000
4.71001530	49933.00000000	0.00000000	0.00000000
4.72001553	54730.00000000	0.00000000	0.00000000
4.73001575	56822.00000000	0.00000000	0.00000000
4.74001598	57436.00000000	0.00000000	0.00000000
4.75001621	54731.00000000	0.00000000	0.00000000
4.76001644	49318.00000000	0.00000000	0.00000000
4.77001667	42676.00000000	0.00000000	0.00000000
4.78001690	36158.00000000	0.00000000	0.00000000
4.79001713	30130.00000000	0.00000000	0.00000000
4.80001736	25211.00000000	0.00000000	0.00000000
4.81001759	21520.00000000	0.00000000	0.00000000
4.82001781	20660.00000000	0.00000000	0.00000000
4.83001804	23857.00000000	0.00000000	0.00000000
4.84001827	28655.00000000	0.00000000	0.00000000
4.85001850	36526.00000000	0.00000000	0.00000000
4.86001873	44029.00000000	0.00000000	0.00000000
4.87001896	50795.00000000	0.00000000	0.00000000
4.88001919	56329.00000000	0.00000000	0.00000000
4.89001942	58298.00000000	0.00000000	0.00000000
4.90001965	56698.00000000	0.00000000	0.00000000
4.91001987	52393.00000000	0.00000000	0.00000000
4.92002010	45875.00000000	0.00000000	0.00000000
4.93002033	39232.00000000	0.00000000	0.00000000
4.94002056	26071.00000000	0.00000000	0.00000000
4.95002079	21889.00000000	0.00000000	0.00000000
4.96002102	20045.00000000	0.00000000	0.00000000
4.97002125	20905.00000000	0.00000000	0.00000000
4.98002148	24596.00000000	0.00000000	0.00000000
4.99002171	30745.00000000	0.00000000	0.00000000
5.00002193	37633.00000000	0.00000000	0.00000000
5.01002216	45875.00000000	0.00000000	0.00000000
5.02002239	51532.00000000	0.00000000	0.00000000
5.03002262	55715.00000000	0.00000000	0.00000000
5.04002285	56575.00000000	0.00000000	0.00000000
5.05002308	54607.00000000	0.00000000	0.00000000
5.06002331	70965.00000000	0.00000000	0.00000000
5.07002354	37511.00000000	0.00000000	0.00000000
5.08002377	30622.00000000	0.00000000	0.00000000
5.09002399	25087.00000000	0.00000000	0.00000000
5.10002422	21521.00000000	0.00000000	0.00000000
5.11002445	20536.00000000	0.00000000	0.00000000
5.12002468	21767.00000000	0.00000000	0.00000000
5.13002491	25333.00000000	0.00000000	0.00000000
5.14002514	30622.00000000	0.00000000	0.00000000
5.15002537	36035.00000000	0.00000000	0.00000000
5.16002560	40831.00000000	0.00000000	0.00000000
5.17002583	47720.00000000	0.00000000	0.00000000
5.18002605	52024.00000000	0.00000000	0.00000000
5.19002628	53870.00000000	0.00000000	0.00000000
5.20002651	52393.00000000	0.00000000	0.00000000
5.21002674	49565.00000000	0.00000000	0.00000000
5.22002697	43168.00000000	0.00000000	0.00000000
5.23002720	36895.00000000	0.00000000	0.00000000
5.24002743	31238.00000000	0.00000000	0.00000000
5.25002766	25948.00000000	0.00000000	0.00000000
5.26002789	22505.00000000	0.00000000	0.00000000
5.27002811	21028.00000000	0.00000000	0.00000000
5.28002834	22996.00000000	0.00000000	0.00000000
5.29002857	26564.00000000	0.00000000	0.00000000
5.30002880	32836.00000000	0.00000000	0.00000000
5.31002903	38864.00000000	0.00000000	0.00000000
5.32002926	68258.00000000	0.00000000	0.00000000
5.33002949	51533.00000000	0.00000000	0.00000000
5.34002972	52762.00000000	0.00000000	0.00000000
5.35002995	51902.00000000	0.00000000	0.00000000
5.36003017	49072.00000000	0.00000000	0.00000000
5.37003040	44890.00000000	0.00000000	0.00000000
5.38003063	39479.00000000	0.00000000	0.00000000
5.39003086	33328.00000000	0.00000000	0.00000000
5.40003109	28655.00000000	0.00000000	0.00000000
5.41003132	23611.00000000	0.00000000	0.00000000
5.42003155	21643.00000000	0.00000000	0.00000000
5.43003178	21644.00000000	0.00000000	0.00000000
5.44003201	36771.00000000	0.00000000	0.00000000
5.45003223	35173.00000000	0.00000000	0.00000000
5.46003246	40954.00000000	0.00000000	0.00000000
5.47003269	45875.00000000	0.00000000	0.00000000
5.48003292	49318.00000000	0.00000000	0.00000000
5.49003315	52024.00000000	0.00000000	0.00000000
5.50003338	52271.00000000	0.00000000	0.00000000
5.51003361	49564.00000000	0.00000000	0.00000000
5.52003384	46244.00000000	0.00000000	0.00000000
5.53003407	40708.00000000	0.00000000	0.00000000
5.54003429	33821.00000000	0.00000000	0.00000000
5.55003452	27670.00000000	0.00000000	0.00000000
5.56003475	38368.00000000	0.00000000	0.00000000
5.57003498	22012.00000000	0.00000000	0.00000000
5.58003521	24964.00000000	0.00000000	0.00000000
5.59003544	29270.00000000	0.00000000	0.00000000
5.60003567	34804.00000000	0.00000000	0.00000000
5.61003590	40586.00000000	0.00000000	0.00000000
5.62003613	45751.00000000	0.00000000	0.00000000
5.63003635	50302.00000000	0.00000000	0.00000000
5.64003658	51779.00000000	0.00000000	0.00000000
5.65003681	52639.00000000	0.00000000	0.00000000
5.66003704	50303.00000000	0.00000000	0.00000000
5.67003727	46735.00000000	0.00000000	0.00000000
5.68003750	41323.00000000	0.00000000	0.00000000
5.69003773	33944.00000000	0.00000000	0.00000000
5.70003796	29146.00000000	0.00000000	0.00000000
5.71003819	21520.00000000	0.00000000	0.00000000
5.72003841	21520.00000000	0.00000000	0.00000000
5.73003864	23612.00000000	0.00000000	0.00000000
5.74003887	27178.00000000	0.00000000	0.00000000
5.75003910	33698.00000000	0.00000000	0.00000000
5.76003933	38863.00000000	0.00000000	0.00000000
5.77003956	44521.00000000	0.00000000	0.00000000
5.78003979	48827.00000000	0.00000000	0.00000000
5.79004002	51901.00000000	0.00000000	0.00000000
5.80004025	52763.00000000	0.00000000	0.00000000
5.81004047	52270.00000000	0.00000000	0.00000000
5.82004070	49687.00000000	0.00000000	0.00000000
5.83004093	45875.00000000	0.00000000	0.00000000
5.84004116	40585.00000000	0.00000000	0.00000000
5.85004139	33944.00000000	0.00000000	0.00000000
5.86004162	23857.00000000	0.00000000	0.00000000
5.87004185	21152.00000000	0.00000000	0.00000000
5.88004208	20659.00000000	0.00000000	0.00000000
5.89004230	22874.00000000	0.00000000	0.00000000
5.90004253	26686.00000000	0.00000000	0.00000000
5.91004276	32467.00000000	0.00000000	0.00000000
5.92004299	38372.00000000	0.00000000	0.00000000
5.93004322	44398.00000000	0.00000000	0.00000000
5.94004345	49196.00000000	0.00000000	0.00000000
5.95004368	52393.00000000	0.00000000	0.00000000
5.96004391	52516.00000000	0.00000000	0.00000000
5.97004414	49934.00000000	0.00000000	0.00000000
5.98004436	44767.00000000	0.00000000	0.00000000
5.99004459	37880.00000000	0.00000000	0.00000000
6.00004482	36771.00000000	0.00000000	0.00000000
