Position	Counts A	Counts B	Counts AB
3.00999999	30376.00000000	0.00000000	0.00000000
3.01999998	39725.00000000	0.00000000	0.00000000
3.02999997	39601.00000000	0.00000000	0.00000000
3.03999996	35665.00000000	0.00000000	0.00000000
3.04999995	31115.00000000	0.00000000	0.00000000
3.05999994	25333.00000000	0.00000000	0.00000000
3.06999993	21152.00000000	0.00000000	0.00000000
3.07999992	34308.00000000	0.00000000	0.00000000
3.08999991	18815.00000000	0.00000000	0.00000000
3.09999990	21028.00000000	0.00000000	0.00000000
3.10999990	25580.00000000	0.00000000	0.00000000
3.11999989	30130.00000000	0.00000000	0.00000000
3.12999988	35050.00000000	0.00000000	0.00000000
3.13999987	39848.00000000	0.00000000	0.00000000
3.14999986	43168.00000000	0.00000000	0.00000000
3.15999985	45998.00000000	0.00000000	0.00000000
3.16999984	46489.00000000	0.00000000	0.00000000
3.17999983	44767.00000000	0.00000000	0.00000000
3.18999982	40832.00000000	0.00000000	0.00000000
3.19999981	40585.00000000	0.00000000	0.00000000
3.20999980	24595.00000000	0.00000000	0.00000000
3.21999979	20413.00000000	0.00000000	0.00000000
3.22999978	17954.00000000	0.00000000	0.00000000
3.23999977	17461.00000000	0.00000000	0.00000000
3.24999976	18446.00000000	0.00000000	0.00000000
3.25999975	22012.00000000	0.00000000	0.00000000
3.26999974	26071.00000000	0.00000000	0.00000000
3.27999973	31607.00000000	0.00000000	0.00000000
3.28999972	38002.00000000	0.00000000	0.00000000
3.29999971	42923.00000000	0.00000000	0.00000000
3.30999970	46366.00000000	0.00000000	0.00000000
3.31999969	45998.00000000	0.00000000	0.00000000
3.32999969	42922.00000000	0.00000000	0.00000000
3.33999968	38003.00000000	0.00000000	0.00000000
3.34999967	31975.00000000	0.00000000	0.00000000
3.35999966	26440.00000000	0.00000000	0.00000000
3.36999965	22013.00000000	0.00000000	0.00000000
3.37999964	18691.00000000	0.00000000	0.00000000
3.38999963	17093.00000000	0.00000000	0.00000000
3.39999962	17707.00000000	0.00000000	0.00000000
3.40999961	20044.00000000	0.00000000	0.00000000
3.41999960	24350.00000000	0.00000000	0.00000000
3.42999959	30499.00000000	0.00000000	0.00000000
3.43999958	42184.00000000	0.00000000	0.00000000
3.44999957	46120.00000000	0.00000000	0.00000000
3.45999956	48089.00000000	0.00000000	0.00000000
3.46999955	46981.00000000	0.00000000	0.00000000
3.47999954	44276.00000000	0.00000000	0.00000000
3.48999953	39601.00000000	0.00000000	0.00000000
3.49999952	35050.00000000	0.00000000	0.00000000
3.50999951	28532.00000000	0.00000000	0.00000000
3.51999950	23611.00000000	0.00000000	0.00000000
3.52999949	19307.00000000	0.00000000	0.00000000
3.53999949	17338.00000000	0.00000000	0.00000000
3.54999948	17461.00000000	0.00000000	0.00000000
3.55999947	19184.00000000	0.00000000	0.00000000
3.56999946	23488.00000000	0.00000000	0.00000000
3.57999945	35911.00000000	0.00000000	0.00000000
3.58999944	41446.00000000	0.00000000	0.00000000
3.59999943	45998.00000000	0.00000000	0.00000000
3.60999942	47842.00000000	0.00000000	0.00000000
3.61999941	47351.00000000	0.00000000	0.00000000
3.62999940	43783.00000000	0.00000000	0.00000000
3.63999939	40093.00000000	0.00000000	0.00000000
3.64999938	34805.00000000	0.00000000	0.00000000
3.65999937	29269.00000000	0.00000000	0.00000000
3.66999936	23858.00000000	0.00000000	0.00000000
3.67999935	19798.00000000	0.00000000	0.00000000
3.68999934	20167.00000000	0.00000000	0.00000000
3.69999933	19921.00000000	0.00000000	0.00000000
3.70999932	23489.00000000	0.00000000	0.00000000
3.71999931	28900.00000000	0.00000000	0.00000000
3.72999930	35173.00000000	0.00000000	0.00000000
3.73999929	40955.00000000	0.00000000	0.00000000
3.74999928	45136.00000000	0.00000000	0.00000000
3.75999928	47105.00000000	0.00000000	0.00000000
3.76999927	47227.00000000	0.00000000	0.00000000
3.77999926	45259.00000000	0.00000000	0.00000000
3.78999925	41570.00000000	0.00000000	0.00000000
3.79999924	36280.00000000	0.00000000	0.00000000
3.80999923	31115.00000000	0.00000000	0.00000000
3.81999922	30252.00000000	0.00000000	0.00000000
3.82999921	18569.00000000	0.00000000	0.00000000
3.83999920	17338.00000000	0.00000000	0.00000000
3.84999919	18938.00000000	0.00000000	0.00000000
3.85999918	22135.00000000	0.00000000	0.00000000
3.86999917	26932.00000000	0.00000000	0.00000000
3.87999916	33452.00000000	0.00000000	0.00000000
3.88999915	38986.00000000	0.00000000	0.00000000
3.89999914	43415.00000000	0.00000000	0.00000000
3.90999913	46858.00000000	0.00000000	0.00000000
3.91999912	47719.00000000	0.00000000	0.00000000
3.92999911	46490.00000000	0.00000000	0.00000000
3.93999910	37142.00000000	0.00000000	0.00000000
3.94999909	31729.00000000	0.00000000	0.00000000
3.95999908	26194.00000000	0.00000000	0.00000000
3.96999907	22136.00000000	0.00000000	0.00000000
3.97999907	19183.00000000	0.00000000	0.00000000
3.98999906	17707.00000000	0.00000000	0.00000000
3.99999905	18323.00000000	0.00000000	0.00000000
4.00999928	21397.00000000	0.00000000	0.00000000
4.01999950	25457.00000000	0.00000000	0.00000000
4.02999973	31360.00000000	0.00000000	0.00000000
4.03999996	59771.00000000	0.00000000	0.00000000
4.05000019	46735.00000000	0.00000000	0.00000000
4.06000042	47966.00000000	0.00000000	0.00000000
4.07000065	47350.00000000	0.00000000	0.00000000
4.08000088	44398.00000000	0.00000000	0.00000000
4.09000111	40463.00000000	0.00000000	0.00000000
4.10000134	35419.00000000	0.00000000	0.00000000
4.11000156	29516.00000000	0.00000000	0.00000000
4.12000179	24841.00000000	0.00000000	0.00000000
4.13000202	20905.00000000	0.00000000	0.00000000
4.14000225	18815.00000000	0.00000000	0.00000000
4.15000248	17707.00000000	0.00000000	0.00000000
4.16000271	21889.00000000	0.00000000	0.00000000
4.17000294	26440.00000000	0.00000000	0.00000000
4.18000317	31976.00000000	0.00000000	0.00000000
4.19000340	38125.00000000	0.00000000	0.00000000
4.20000362	43292.00000000	0.00000000	0.00000000
4.21000385	46366.00000000	0.00000000	0.00000000
4.22000408	47965.00000000	0.00000000	0.00000000
4.23000431	47228.00000000	0.00000000	0.00000000
4.24000454	44767.00000000	0.00000000	0.00000000
4.25000477	40463.00000000	0.00000000	0.00000000
4.26000500	41691.00000000	0.00000000	0.00000000
4.27000523	23120.00000000	0.00000000	0.00000000
4.28000546	19183.00000000	0.00000000	0.00000000
4.29000568	18323.00000000	0.00000000	0.00000000
4.30000591	19183.00000000	0.00000000	0.00000000
4.31000614	22627.00000000	0.00000000	0.00000000
4.32000637	26933.00000000	0.00000000	0.00000000
4.33000660	32590.00000000	0.00000000	0.00000000
4.34000683	37757.00000000	0.00000000	0.00000000
4.35000706	42676.00000000	0.00000000	0.00000000
4.36000729	46735.00000000	0.00000000	0.00000000
4.37000751	47597.00000000	0.00000000	0.00000000
4.38000774	45628.00000000	0.00000000	0.00000000
4.39000797	41570.00000000	0.00000000	0.00000000
4.40000820	28900.00000000	0.00000000	0.00000000
4.41000843	23489.00000000	0.00000000	0.00000000
4.42000866	19921.00000000	0.00000000	0.00000000
4.43000889	18815.00000000	0.00000000	0.00000000
4.44000912	19552.00000000	0.00000000	0.00000000
4.45000935	22504.00000000	0.00000000	0.00000000
4.46000957	26318.00000000	0.00000000	0.00000000
4.47000980	30991.00000000	0.00000000	0.00000000
4.48001003	35543.00000000	0.00000000	0.00000000
4.49001026	39970.00000000	0.00000000	0.00000000
4.50001049	44029.00000000	0.00000000	0.00000000
4.51001072	46121.00000000	0.00000000	0.00000000
4.52001095	54975.00000000	0.00000000	0.00000000
4.53001118	40093.00000000	0.00000000	0.00000000
4.54001141	34189.00000000	0.00000000	0.00000000
4.55001163	28778.00000000	0.00000000	0.00000000
4.56001186	24595.00000000	0.00000000	0.00000000
4.57001209	20906.00000000	0.00000000	0.00000000
4.58001232	19183.00000000	0.00000000	0.00000000
4.59001255	19306.00000000	0.00000000	0.00000000
4.60001278	21152.00000000	0.00000000	0.00000000
4.61001301	24103.00000000	0.00000000	0.00000000
4.62001324	28286.00000000	0.00000000	0.00000000
4.63001347	33328.00000000	0.00000000	0.00000000
4.64001369	37510.00000000	0.00000000	0.00000000
4.65001392	44890.00000000	0.00000000	0.00000000
4.66001415	45383.00000000	0.00000000	0.00000000
4.67001438	44644.00000000	0.00000000	0.00000000
4.68001461	41200.00000000	0.00000000	0.00000000
4.69001484	37265.00000000	0.00000000	0.00000000
4.70001507	32344.00000000	0.00000000	0.00000000
4.71001530	27302.00000000	0.00000000	0.00000000
4.72001553	23365.00000000	0.00000000	0.00000000
4.73001575	20413.00000000	0.00000000	0.00000000
4.74001598	19307.00000000	0.00000000	0.00000000
4.75001621	20413.00000000	0.00000000	0.00000000
4.76001644	22751.00000000	0.00000000	0.00000000
4.77001667	57923.00000000	0.00000000	0.00000000
4.78001690	35174.00000000	0.00000000	0.00000000
4.79001713	39232.00000000	0.00000000	0.00000000
4.80001736	42431.00000000	0.00000000	0.00000000
4.81001759	44029.00000000	0.00000000	0.00000000
4.82001781	44644.00000000	0.00000000	0.00000000
4.83001804	43292.00000000	0.00000000	0.00000000
4.84001827	40954.00000000	0.00000000	0.00000000
4.85001850	37388.00000000	0.00000000	0.00000000
4.86001873	32713.00000000	0.00000000	0.00000000
4.87001896	27547.00000000	0.00000000	0.00000000
4.88001919	23366.00000000	0.00000000	0.00000000
4.89001942	20044.00000000	0.00000000	0.00000000
4.90001965	20413.00000000	0.00000000	0.00000000
4.91001987	23734.00000000	0.00000000	0.00000000
4.92002010	28286.00000000	0.00000000	0.00000000
4.93002033	33820.00000000	0.00000000	0.00000000
4.94002056	38864.00000000	0.00000000	0.00000000
4.95002079	43291.00000000	0.00000000	0.00000000
4.96002102	45751.00000000	0.00000000	0.00000000
4.97002125	46367.00000000	0.00000000	0.00000000
4.98002148	45628.00000000	0.00000000	0.00000000
4.99002171	42923.00000000	0.00000000	0.00000000
5.00002193	39601.00000000	0.00000000	0.00000000
5.01002216	64935.00000000	0.00000000	0.00000000
5.02002239	25702.00000000	0.00000000	0.00000000
5.03002262	21767.00000000	0.00000000	0.00000000
5.04002285	19306.00000000	0.00000000	0.00000000
5.05002308	18814.00000000	0.00000000	0.00000000
5.06002331	19553.00000000	0.00000000	0.00000000
5.07002354	22258.00000000	0.00000000	0.00000000
5.08002377	25949.00000000	0.00000000	0.00000000
5.09002399	30868.00000000	0.00000000	0.00000000
5.10002422	37141.00000000	0.00000000	0.00000000
5.11002445	42308.00000000	0.00000000	0.00000000
5.12002468	95192.00000000	0.00000000	0.00000000
5.13002491	49934.00000000	0.00000000	0.00000000
5.14002514	47473.00000000	0.00000000	0.00000000
5.15002537	43292.00000000	0.00000000	0.00000000
5.16002560	38002.00000000	0.00000000	0.00000000
5.17002583	32344.00000000	0.00000000	0.00000000
5.18002605	27056.00000000	0.00000000	0.00000000
5.19002628	22135.00000000	0.00000000	0.00000000
5.20002651	19922.00000000	0.00000000	0.00000000
5.21002674	18691.00000000	0.00000000	0.00000000
5.22002697	20167.00000000	0.00000000	0.00000000
5.23002720	23243.00000000	0.00000000	0.00000000
5.24002743	28162.00000000	0.00000000	0.00000000
5.25002766	33206.00000000	0.00000000	0.00000000
5.26002789	43291.00000000	0.00000000	0.00000000
5.27002811	46982.00000000	0.00000000	0.00000000
5.28002834	47965.00000000	0.00000000	0.00000000
5.29002857	47105.00000000	0.00000000	0.00000000
5.30002880	44275.00000000	0.00000000	0.00000000
5.31002903	39724.00000000	0.00000000	0.00000000
5.32002926	34190.00000000	0.00000000	0.00000000
5.33002949	28531.00000000	0.00000000	0.00000000
5.34002972	24104.00000000	0.00000000	0.00000000
5.35002995	20905.00000000	0.00000000	0.00000000
5.36003017	19798.00000000	0.00000000	0.00000000
5.37003040	20906.00000000	0.00000000	0.00000000
5.38003063	23611.00000000	0.00000000	0.00000000
5.39003086	38616.00000000	0.00000000	0.00000000
5.40003109	37756.00000000	0.00000000	0.00000000
5.41003132	41693.00000000	0.00000000	0.00000000
5.42003155	44275.00000000	0.00000000	0.00000000
5.43003178	46121.00000000	0.00000000	0.00000000
5.44003201	45136.00000000	0.00000000	0.00000000
5.45003223	43045.00000000	0.00000000	0.00000000
5.46003246	39233.00000000	0.00000000	0.00000000
5.47003269	34681.00000000	0.00000000	0.00000000
5.48003292	30377.00000000	0.00000000	0.00000000
5.49003315	25579.00000000	0.00000000	0.00000000
5.50003338	22135.00000000	0.00000000	0.00000000
5.51003361	20782.00000000	0.00000000	0.00000000
5.52003384	22997.00000000	0.00000000	0.00000000
5.53003407	27424.00000000	0.00000000	0.00000000
5.54003429	32467.00000000	0.00000000	0.00000000
5.55003452	36527.00000000	0.00000000	0.00000000
5.56003475	41200.00000000	0.00000000	0.00000000
5.57003498	44399.00000000	0.00000000	0.00000000
5.58003521	45997.00000000	0.00000000	0.00000000
5.59003544	45628.00000000	0.00000000	0.00000000
5.60003567	44645.00000000	0.00000000	0.00000000
5.61003590	41692.00000000	0.00000000	0.00000000
5.62003613	47103.00000000	0.00000000	0.00000000
5.63003635	28039.00000000	0.00000000	0.00000000
5.64003658	23489.00000000	0.00000000	0.00000000
5.65003681	20782.00000000	0.00000000	0.00000000
5.66003704	20045.00000000	0.00000000	0.00000000
5.67003727	20905.00000000	0.00000000	0.00000000
5.68003750	23857.00000000	0.00000000	0.00000000
5.69003773	28655.00000000	0.00000000	0.00000000
5.70003796	34681.00000000	0.00000000	0.00000000
5.71003819	39602.00000000	0.00000000	0.00000000
5.72003841	47596.00000000	0.00000000	0.00000000
5.73003864	49442.00000000	0.00000000	0.00000000
5.74003887	48334.00000000	0.00000000	0.00000000
5.75003910	45752.00000000	0.00000000	0.00000000
5.76003933	41692.00000000	0.00000000	0.00000000
5.77003956	36157.00000000	0.00000000	0.00000000
5.78003979	31238.00000000	0.00000000	0.00000000
5.79004002	26194.00000000	0.00000000	0.00000000
5.80004025	22751.00000000	0.00000000	0.00000000
5.81004047	20044.00000000	0.00000000	0.00000000
5.82004070	19183.00000000	0.00000000	0.00000000
5.83004093	20660.00000000	0.00000000	0.00000000
5.84004116	29393.00000000	0.00000000	0.00000000
5.85004139	35050.00000000	0.00000000	0.00000000
5.86004162	41938.00000000	0.00000000	0.00000000
5.87004185	46859.00000000	0.00000000	0.00000000
5.88004208	50179.00000000	0.00000000	0.00000000
5.89004230	51533.00000000	0.00000000	0.00000000
5.90004253	50425.00000000	0.00000000	0.00000000
5.91004276	47596.00000000	0.00000000	0.00000000
5.92004299	42923.00000000	0.00000000	0.00000000
5.93004322	37510.00000000	0.00000000	0.00000000
5.94004345	48086.00000000	0.00000000	0.00000000
5.95004368	22012.00000000	0.00000000	0.00000000
5.96004391	19799.00000000	0.00000000	0.00000000
5.97004414	19798.00000000	0.00000000	0.00000000
5.98004436	21521.00000000	0.00000000	0.00000000
5.99004459	25087.00000000	0.00000000	0.00000000
6.00004482	30007.00000000	0.00000000	0.00000000
