Position	Counts A	Counts B	Counts AB
0.01000000	1964.00000000	0.00000000	0.00000000
0.02000000	2086.00000000	0.00000000	0.00000000
0.03000000	1963.00000000	0.00000000	0.00000000
0.04000000	1964.00000000	0.00000000	0.00000000
0.05000000	2086.00000000	0.00000000	0.00000000
0.05999999	1964.00000000	0.00000000	0.00000000
0.06999999	1963.00000000	0.00000000	0.00000000
0.07999999	4173.00000000	0.00000000	0.00000000
0.08999999	2086.00000000	0.00000000	0.00000000
0.09999999	2086.00000000	0.00000000	0.00000000
0.10999998	1964.00000000	0.00000000	0.00000000
0.11999998	2209.00000000	0.00000000	0.00000000
0.12999998	1964.00000000	0.00000000	0.00000000
0.13999999	2086.00000000	0.00000000	0.00000000
0.14999999	1964.00000000	0.00000000	0.00000000
0.16000000	2209.00000000	0.00000000	0.00000000
0.17000000	1963.00000000	0.00000000	0.00000000
0.18000001	2087.00000000	0.00000000	0.00000000
0.19000001	1963.00000000	0.00000000	0.00000000
0.20000002	2086.00000000	0.00000000	0.00000000
0.21000002	1964.00000000	0.00000000	0.00000000
0.22000003	2086.00000000	0.00000000	0.00000000
0.23000003	2087.00000000	0.00000000	0.00000000
0.24000004	1963.00000000	0.00000000	0.00000000
0.25000003	2087.00000000	0.00000000	0.00000000
0.26000002	1963.00000000	0.00000000	0.00000000
0.27000001	2087.00000000	0.00000000	0.00000000
0.28000000	2086.00000000	0.00000000	0.00000000
0.28999999	1964.00000000	0.00000000	0.00000000
0.29999998	2086.00000000	0.00000000	0.00000000
0.30999997	2086.00000000	0.00000000	0.00000000
0.31999996	1964.00000000	0.00000000	0.00000000
0.32999995	2086.00000000	0.00000000	0.00000000
0.33999994	2086.00000000	0.00000000	0.00000000
0.34999993	1964.00000000	0.00000000	0.00000000
0.35999992	2086.00000000	0.00000000	0.00000000
0.36999992	2087.00000000	0.00000000	0.00000000
0.37999991	2086.00000000	0.00000000	0.00000000
0.38999990	1964.00000000	0.00000000	0.00000000
0.39999989	1963.00000000	0.00000000	0.00000000
0.40999988	2087.00000000	0.00000000	0.00000000
0.41999987	1963.00000000	0.00000000	0.00000000
0.42999986	1963.00000000	0.00000000	0.00000000
0.43999985	1964.00000000	0.00000000	0.00000000
0.44999984	2086.00000000	0.00000000	0.00000000
0.45999983	1964.00000000	0.00000000	0.00000000
0.46999982	2086.00000000	0.00000000	0.00000000
0.47999981	2086.00000000	0.00000000	0.00000000
0.48999980	1964.00000000	0.00000000	0.00000000
0.49999979	1964.00000000	0.00000000	0.00000000
0.50999981	2086.00000000	0.00000000	0.00000000
0.51999980	2087.00000000	0.00000000	0.00000000
0.52999979	1963.00000000	0.00000000	0.00000000
0.53999978	2086.00000000	0.00000000	0.00000000
0.54999977	1964.00000000	0.00000000	0.00000000
0.55999976	2086.00000000	0.00000000	0.00000000
0.56999975	2086.00000000	0.00000000	0.00000000
0.57999974	1964.00000000	0.00000000	0.00000000
0.58999974	2086.00000000	0.00000000	0.00000000
0.59999973	2087.00000000	0.00000000	0.00000000
0.60999972	4050.00000000	0.00000000	0.00000000
0.61999971	2086.00000000	0.00000000	0.00000000
0.62999970	1963.00000000	0.00000000	0.00000000
0.63999969	1964.00000000	0.00000000	0.00000000
0.64999968	2086.00000000	0.00000000	0.00000000
0.65999967	2086.00000000	0.00000000	0.00000000
0.66999966	1964.00000000	0.00000000	0.00000000
0.67999965	2086.00000000	0.00000000	0.00000000
0.68999964	2087.00000000	0.00000000	0.00000000
0.69999963	1963.00000000	0.00000000	0.00000000
0.70999962	2086.00000000	0.00000000	0.00000000
0.71999961	4173.00000000	0.00000000	0.00000000
0.72999960	2087.00000000	0.00000000	0.00000000
0.73999959	2086.00000000	0.00000000	0.00000000
0.74999958	2086.00000000	0.00000000	0.00000000
0.75999957	1964.00000000	0.00000000	0.00000000
0.76999956	1963.00000000	0.00000000	0.00000000
0.77999955	2086.00000000	0.00000000	0.00000000
0.78999954	1964.00000000	0.00000000	0.00000000
0.79999954	1963.00000000	0.00000000	0.00000000
0.80999953	2087.00000000	0.00000000	0.00000000
0.81999952	1963.00000000	0.00000000	0.00000000
0.82999951	1964.00000000	0.00000000	0.00000000
0.83999950	2086.00000000	0.00000000	0.00000000
0.84999949	2087.00000000	0.00000000	0.00000000
0.85999948	2086.00000000	0.00000000	0.00000000
0.86999947	1964.00000000	0.00000000	0.00000000
0.87999946	2086.00000000	0.00000000	0.00000000
0.88999945	2086.00000000	0.00000000	0.00000000
0.89999944	2087.00000000	0.00000000	0.00000000
0.90999943	1963.00000000	0.00000000	0.00000000
0.91999942	2087.00000000	0.00000000	0.00000000
0.92999941	2086.00000000	0.00000000	0.00000000
0.93999940	1963.00000000	0.00000000	0.00000000
0.94999939	2087.00000000	0.00000000	0.00000000
0.95999938	2087.00000000	0.00000000	0.00000000
0.96999937	1963.00000000	0.00000000	0.00000000
0.97999936	2086.00000000	0.00000000	0.00000000
0.98999935	1964.00000000	0.00000000	0.00000000
0.99999934	2086.00000000	0.00000000	0.00000000
1.00999939	2086.00000000	0.00000000	0.00000000
1.01999938	1841.00000000	0.00000000	0.00000000
1.02999938	2086.00000000	0.00000000	0.00000000
1.03999937	1964.00000000	0.00000000	0.00000000
1.04999936	2086.00000000	0.00000000	0.00000000
1.05999935	2086.00000000	0.00000000	0.00000000
1.06999934	1963.00000000	0.00000000	0.00000000
1.07999933	2210.00000000	0.00000000	0.00000000
1.08999932	1963.00000000	0.00000000	0.00000000
1.09999931	2087.00000000	0.00000000	0.00000000
1.10999930	1963.00000000	0.00000000	0.00000000
1.11999929	2086.00000000	0.00000000	0.00000000
1.12999928	2087.00000000	0.00000000	0.00000000
1.13999927	1963.00000000	0.00000000	0.00000000
1.14999926	1963.00000000	0.00000000	0.00000000
1.15999925	1964.00000000	0.00000000	0.00000000
1.16999924	2086.00000000	0.00000000	0.00000000
1.17999923	2086.00000000	0.00000000	0.00000000
1.18999922	2086.00000000	0.00000000	0.00000000
1.19999921	1964.00000000	0.00000000	0.00000000
1.20999920	1963.00000000	0.00000000	0.00000000
1.21999919	1964.00000000	0.00000000	0.00000000
1.22999918	2086.00000000	0.00000000	0.00000000
1.23999918	1964.00000000	0.00000000	0.00000000
1.24999917	2209.00000000	0.00000000	0.00000000
1.25999916	1963.00000000	0.00000000	0.00000000
1.26999915	2210.00000000	0.00000000	0.00000000
1.27999914	4050.00000000	0.00000000	0.00000000
1.28999913	2086.00000000	0.00000000	0.00000000
1.29999912	2086.00000000	0.00000000	0.00000000
1.30999911	2087.00000000	0.00000000	0.00000000
1.31999910	1963.00000000	0.00000000	0.00000000
1.32999909	2086.00000000	0.00000000	0.00000000
1.33999908	2087.00000000	0.00000000	0.00000000
1.34999907	1963.00000000	0.00000000	0.00000000
1.35999906	1964.00000000	0.00000000	0.00000000
1.36999905	1840.00000000	0.00000000	0.00000000
1.37999904	2087.00000000	0.00000000	0.00000000
1.38999903	2086.00000000	0.00000000	0.00000000
1.39999902	3927.00000000	0.00000000	0.00000000
1.40999901	2086.00000000	0.00000000	0.00000000
1.41999900	2086.00000000	0.00000000	0.00000000
1.42999899	2087.00000000	0.00000000	0.00000000
1.43999898	2086.00000000	0.00000000	0.00000000
1.44999897	1964.00000000	0.00000000	0.00000000
1.45999897	2086.00000000	0.00000000	0.00000000
1.46999896	2086.00000000	0.00000000	0.00000000
1.47999895	1964.00000000	0.00000000	0.00000000
1.48999894	2086.00000000	0.00000000	0.00000000
1.49999893	2087.00000000	0.00000000	0.00000000
1.50999892	1963.00000000	0.00000000	0.00000000
1.51999891	1964.00000000	0.00000000	0.00000000
1.52999890	1963.00000000	0.00000000	0.00000000
1.53999889	2087.00000000	0.00000000	0.00000000
1.54999888	2086.00000000	0.00000000	0.00000000
1.55999887	1964.00000000	0.00000000	0.00000000
1.56999886	2086.00000000	0.00000000	0.00000000
1.57999885	2086.00000000	0.00000000	0.00000000
1.58999884	1964.00000000	0.00000000	0.00000000
1.59999883	1963.00000000	0.00000000	0.00000000
1.60999882	2087.00000000	0.00000000	0.00000000
1.61999881	2086.00000000	0.00000000	0.00000000
1.62999880	1963.00000000	0.00000000	0.00000000
1.63999879	2086.00000000	0.00000000	0.00000000
1.64999878	1964.00000000	0.00000000	0.00000000
1.65999877	2086.00000000	0.00000000	0.00000000
1.66999876	2086.00000000	0.00000000	0.00000000
1.67999876	2087.00000000	0.00000000	0.00000000
1.68999875	2086.00000000	0.00000000	0.00000000
1.69999874	2086.00000000	0.00000000	0.00000000
1.70999873	2087.00000000	0.00000000	0.00000000
1.71999872	1963.00000000	0.00000000	0.00000000
1.72999871	2087.00000000	0.00000000	0.00000000
1.73999870	1963.00000000	0.00000000	0.00000000
1.74999869	4173.00000000	0.00000000	0.00000000
1.75999868	1963.00000000	0.00000000	0.00000000
1.76999867	2087.00000000	0.00000000	0.00000000
1.77999866	1963.00000000	0.00000000	0.00000000
1.78999865	2086.00000000	0.00000000	0.00000000
1.79999864	1964.00000000	0.00000000	0.00000000
1.80999863	1963.00000000	0.00000000	0.00000000
1.81999862	2087.00000000	0.00000000	0.00000000
1.82999861	1963.00000000	0.00000000	0.00000000
1.83999860	2086.00000000	0.00000000	0.00000000
1.84999859	2087.00000000	0.00000000	0.00000000
1.85999858	2086.00000000	0.00000000	0.00000000
1.86999857	2086.00000000	0.00000000	0.00000000
1.87999856	1963.00000000	0.00000000	0.00000000
1.88999856	2087.00000000	0.00000000	0.00000000
1.89999855	1963.00000000	0.00000000	0.00000000
1.90999854	2087.00000000	0.00000000	0.00000000
1.91999853	2086.00000000	0.00000000	0.00000000
1.92999852	1963.00000000	0.00000000	0.00000000
1.93999851	1964.00000000	0.00000000	0.00000000
1.94999850	2086.00000000	0.00000000	0.00000000
1.95999849	1964.00000000	0.00000000	0.00000000
1.96999848	2086.00000000	0.00000000	0.00000000
1.97999847	1964.00000000	0.00000000	0.00000000
1.98999846	4172.00000000	0.00000000	0.00000000
1.99999845	1964.00000000	0.00000000	0.00000000
2.00999856	2086.00000000	0.00000000	0.00000000
2.01999855	1964.00000000	0.00000000	0.00000000
2.02999854	1963.00000000	0.00000000	0.00000000
2.03999853	2086.00000000	0.00000000	0.00000000
2.04999852	1964.00000000	0.00000000	0.00000000
2.05999851	2086.00000000	0.00000000	0.00000000
2.06999850	2086.00000000	0.00000000	0.00000000
2.07999849	2087.00000000	0.00000000	0.00000000
2.08999848	2086.00000000	0.00000000	0.00000000
2.09999847	1964.00000000	0.00000000	0.00000000
2.10999846	4049.00000000	0.00000000	0.00000000
2.11999846	1964.00000000	0.00000000	0.00000000
2.12999845	2086.00000000	0.00000000	0.00000000
2.13999844	2087.00000000	0.00000000	0.00000000
2.14999843	1963.00000000	0.00000000	0.00000000
2.15999842	2086.00000000	0.00000000	0.00000000
2.16999841	1964.00000000	0.00000000	0.00000000
2.17999840	2086.00000000	0.00000000	0.00000000
2.18999839	1964.00000000	0.00000000	0.00000000
2.19999838	1963.00000000	0.00000000	0.00000000
2.20999837	1963.00000000	0.00000000	0.00000000
2.21999836	2087.00000000	0.00000000	0.00000000
2.22999835	1963.00000000	0.00000000	0.00000000
2.23999834	2086.00000000	0.00000000	0.00000000
2.24999833	1963.00000000	0.00000000	0.00000000
2.25999832	2087.00000000	0.00000000	0.00000000
2.26999831	2086.00000000	0.00000000	0.00000000
2.27999830	2086.00000000	0.00000000	0.00000000
2.28999829	1964.00000000	0.00000000	0.00000000
2.29999828	2086.00000000	0.00000000	0.00000000
2.30999827	1964.00000000	0.00000000	0.00000000
2.31999826	2086.00000000	0.00000000	0.00000000
2.32999825	2087.00000000	0.00000000	0.00000000
2.33999825	1963.00000000	0.00000000	0.00000000
2.34999824	2945.00000000	0.00000000	0.00000000
2.35999823	1963.00000000	0.00000000	0.00000000
2.36999822	1964.00000000	0.00000000	0.00000000
2.37999821	1963.00000000	0.00000000	0.00000000
2.38999820	2086.00000000	0.00000000	0.00000000
2.39999819	2087.00000000	0.00000000	0.00000000
2.40999818	1963.00000000	0.00000000	0.00000000
2.41999817	1964.00000000	0.00000000	0.00000000
2.42999816	1963.00000000	0.00000000	0.00000000
2.43999815	2086.00000000	0.00000000	0.00000000
2.44999814	1964.00000000	0.00000000	0.00000000
2.45999813	2086.00000000	0.00000000	0.00000000
2.46999812	3927.00000000	0.00000000	0.00000000
2.47999811	1963.00000000	0.00000000	0.00000000
2.48999810	2087.00000000	0.00000000	0.00000000
2.49999809	2086.00000000	0.00000000	0.00000000
2.50999808	2087.00000000	0.00000000	0.00000000
2.51999807	1963.00000000	0.00000000	0.00000000
2.52999806	1963.00000000	0.00000000	0.00000000
2.53999805	2087.00000000	0.00000000	0.00000000
2.54999804	1963.00000000	0.00000000	0.00000000
2.55999804	2209.00000000	0.00000000	0.00000000
2.56999803	1964.00000000	0.00000000	0.00000000
2.57999802	1963.00000000	0.00000000	0.00000000
2.58999801	1964.00000000	0.00000000	0.00000000
2.59999800	1964.00000000	0.00000000	0.00000000
2.60999799	2086.00000000	0.00000000	0.00000000
2.61999798	2086.00000000	0.00000000	0.00000000
2.62999797	1964.00000000	0.00000000	0.00000000
2.63999796	1963.00000000	0.00000000	0.00000000
2.64999795	2086.00000000	0.00000000	0.00000000
2.65999794	2087.00000000	0.00000000	0.00000000
2.66999793	1963.00000000	0.00000000	0.00000000
2.67999792	2087.00000000	0.00000000	0.00000000
2.68999791	1963.00000000	0.00000000	0.00000000
2.69999790	2086.00000000	0.00000000	0.00000000
2.70999789	2087.00000000	0.00000000	0.00000000
2.71999788	1964.00000000	0.00000000	0.00000000
2.72999787	1963.00000000	0.00000000	0.00000000
2.73999786	2209.00000000	0.00000000	0.00000000
2.74999785	1964.00000000	0.00000000	0.00000000
2.75999784	2086.00000000	0.00000000	0.00000000
2.76999784	1964.00000000	0.00000000	0.00000000
2.77999783	2086.00000000	0.00000000	0.00000000
2.78999782	1841.00000000	0.00000000	0.00000000
2.79999781	1963.00000000	0.00000000	0.00000000
2.80999780	2086.00000000	0.00000000	0.00000000
2.81999779	2087.00000000	0.00000000	0.00000000
2.82999778	1963.00000000	0.00000000	0.00000000
2.83999777	4050.00000000	0.00000000	0.00000000
2.84999776	2086.00000000	0.00000000	0.00000000
2.85999775	2087.00000000	0.00000000	0.00000000
2.86999774	2086.00000000	0.00000000	0.00000000
2.87999773	2086.00000000	0.00000000	0.00000000
2.88999772	1964.00000000	0.00000000	0.00000000
2.89999771	2086.00000000	0.00000000	0.00000000
2.90999770	2087.00000000	0.00000000	0.00000000
2.91999769	1963.00000000	0.00000000	0.00000000
2.92999768	2087.00000000	0.00000000	0.00000000
2.93999767	2086.00000000	0.00000000	0.00000000
2.94999766	1963.00000000	0.00000000	0.00000000
2.95999765	2086.00000000	0.00000000	0.00000000
2.96999764	2086.00000000	0.00000000	0.00000000
2.97999763	2087.00000000	0.00000000	0.00000000
2.98999763	1963.00000000	0.00000000	0.00000000
2.99999762	2087.00000000	0.00000000	0.00000000
3.00999761	1963.00000000	0.00000000	0.00000000
3.01999760	2086.00000000	0.00000000	0.00000000
3.02999759	1964.00000000	0.00000000	0.00000000
3.03999758	1963.00000000	0.00000000	0.00000000
3.04999757	2087.00000000	0.00000000	0.00000000
3.05999756	2086.00000000	0.00000000	0.00000000
3.06999755	1964.00000000	0.00000000	0.00000000
3.07999754	2086.00000000	0.00000000	0.00000000
3.08999753	2087.00000000	0.00000000	0.00000000
3.09999752	2086.00000000	0.00000000	0.00000000
3.10999751	2086.00000000	0.00000000	0.00000000
3.11999750	1964.00000000	0.00000000	0.00000000
3.12999749	2086.00000000	0.00000000	0.00000000
3.13999748	2087.00000000	0.00000000	0.00000000
3.14999747	1963.00000000	0.00000000	0.00000000
3.15999746	1963.00000000	0.00000000	0.00000000
3.16999745	2087.00000000	0.00000000	0.00000000
3.17999744	1840.00000000	0.00000000	0.00000000
3.18999743	1964.00000000	0.00000000	0.00000000
3.19999743	2209.00000000	0.00000000	0.00000000
3.20999742	2086.00000000	0.00000000	0.00000000
3.21999741	2086.00000000	0.00000000	0.00000000
3.22999740	1964.00000000	0.00000000	0.00000000
3.23999739	2086.00000000	0.00000000	0.00000000
3.24999738	1964.00000000	0.00000000	0.00000000
3.25999737	2086.00000000	0.00000000	0.00000000
3.26999736	2086.00000000	0.00000000	0.00000000
3.27999735	1964.00000000	0.00000000	0.00000000
3.28999734	2209.00000000	0.00000000	0.00000000
3.29999733	2086.00000000	0.00000000	0.00000000
3.30999732	1964.00000000	0.00000000	0.00000000
3.31999731	2086.00000000	0.00000000	0.00000000
3.32999730	2086.00000000	0.00000000	0.00000000
3.33999729	1963.00000000	0.00000000	0.00000000
3.34999728	2087.00000000	0.00000000	0.00000000
3.35999727	1963.00000000	0.00000000	0.00000000
3.36999726	2086.00000000	0.00000000	0.00000000
3.37999725	1964.00000000	0.00000000	0.00000000
3.38999724	1963.00000000	0.00000000	0.00000000
3.39999723	2087.00000000	0.00000000	0.00000000
3.40999722	1963.00000000	0.00000000	0.00000000
3.41999722	1964.00000000	0.00000000	0.00000000
3.42999721	2086.00000000	0.00000000	0.00000000
3.43999720	2086.00000000	0.00000000	0.00000000
3.44999719	2087.00000000	0.00000000	0.00000000
3.45999718	2087.00000000	0.00000000	0.00000000
3.46999717	2086.00000000	0.00000000	0.00000000
3.47999716	2086.00000000	0.00000000	0.00000000
3.48999715	1964.00000000	0.00000000	0.00000000
3.49999714	1963.00000000	0.00000000	0.00000000
3.50999713	2087.00000000	0.00000000	0.00000000
3.51999712	2086.00000000	0.00000000	0.00000000
3.52999711	2086.00000000	0.00000000	0.00000000
3.53999710	1964.00000000	0.00000000	0.00000000
3.54999709	2086.00000000	0.00000000	0.00000000
3.55999708	1964.00000000	0.00000000	0.00000000
3.56999707	2086.00000000	0.00000000	0.00000000
3.57999706	1841.00000000	0.00000000	0.00000000
3.58999705	2086.00000000	0.00000000	0.00000000
3.59999704	2086.00000000	0.00000000	0.00000000
3.60999703	1964.00000000	0.00000000	0.00000000
3.61999702	1963.00000000	0.00000000	0.00000000
3.62999701	2087.00000000	0.00000000	0.00000000
3.63999701	2086.00000000	0.00000000	0.00000000
3.64999700	1964.00000000	0.00000000	0.00000000
3.65999699	2086.00000000	0.00000000	0.00000000
3.66999698	2086.00000000	0.00000000	0.00000000
3.67999697	1964.00000000	0.00000000	0.00000000
3.68999696	2086.00000000	0.00000000	0.00000000
3.69999695	1964.00000000	0.00000000	0.00000000
3.70999694	2086.00000000	0.00000000	0.00000000
3.71999693	1841.00000000	0.00000000	0.00000000
3.72999692	2086.00000000	0.00000000	0.00000000
3.73999691	1963.00000000	0.00000000	0.00000000
3.74999690	2087.00000000	0.00000000	0.00000000
3.75999689	1963.00000000	0.00000000	0.00000000
3.76999688	2087.00000000	0.00000000	0.00000000
3.77999687	1963.00000000	0.00000000	0.00000000
3.78999686	2086.00000000	0.00000000	0.00000000
3.79999685	1964.00000000	0.00000000	0.00000000
3.80999684	1963.00000000	0.00000000	0.00000000
3.81999683	2087.00000000	0.00000000	0.00000000
3.82999682	1963.00000000	0.00000000	0.00000000
3.83999681	2086.00000000	0.00000000	0.00000000
3.84999681	2086.00000000	0.00000000	0.00000000
3.85999680	1964.00000000	0.00000000	0.00000000
3.86999679	2086.00000000	0.00000000	0.00000000
3.87999678	2086.00000000	0.00000000	0.00000000
3.88999677	2087.00000000	0.00000000	0.00000000
3.89999676	2086.00000000	0.00000000	0.00000000
3.90999675	1964.00000000	0.00000000	0.00000000
3.91999674	1840.00000000	0.00000000	0.00000000
3.92999673	2086.00000000	0.00000000	0.00000000
3.93999672	1964.00000000	0.00000000	0.00000000
3.94999671	2087.00000000	0.00000000	0.00000000
3.95999670	1963.00000000	0.00000000	0.00000000
3.96999669	2086.00000000	0.00000000	0.00000000
3.97999668	2087.00000000	0.00000000	0.00000000
3.98999667	1963.00000000	0.00000000	0.00000000
3.99999666	1964.00000000	0.00000000	0.00000000
4.00999689	1963.00000000	0.00000000	0.00000000
4.01999712	1963.00000000	0.00000000	0.00000000
4.02999735	2087.00000000	0.00000000	0.00000000
4.03999758	2086.00000000	0.00000000	0.00000000
4.04999781	1964.00000000	0.00000000	0.00000000
4.05999804	2086.00000000	0.00000000	0.00000000
4.06999826	1964.00000000	0.00000000	0.00000000
4.07999849	2086.00000000	0.00000000	0.00000000
4.08999872	1964.00000000	0.00000000	0.00000000
4.09999895	2086.00000000	0.00000000	0.00000000
4.10999918	1963.00000000	0.00000000	0.00000000
4.11999941	1964.00000000	0.00000000	0.00000000
4.12999964	2086.00000000	0.00000000	0.00000000
4.13999987	2087.00000000	0.00000000	0.00000000
4.15000010	2086.00000000	0.00000000	0.00000000
4.16000032	2086.00000000	0.00000000	0.00000000
4.17000055	1964.00000000	0.00000000	0.00000000
4.18000078	2086.00000000	0.00000000	0.00000000
4.19000101	2087.00000000	0.00000000	0.00000000
4.20000124	2086.00000000	0.00000000	0.00000000
4.21000147	1964.00000000	0.00000000	0.00000000
4.22000170	2086.00000000	0.00000000	0.00000000
4.23000193	1964.00000000	0.00000000	0.00000000
4.24000216	2086.00000000	0.00000000	0.00000000
4.25000238	1964.00000000	0.00000000	0.00000000
4.26000261	2209.00000000	0.00000000	0.00000000
4.27000284	1963.00000000	0.00000000	0.00000000
4.28000307	2087.00000000	0.00000000	0.00000000
4.29000330	1963.00000000	0.00000000	0.00000000
4.30000353	2086.00000000	0.00000000	0.00000000
4.31000376	1964.00000000	0.00000000	0.00000000
4.32000399	2086.00000000	0.00000000	0.00000000
4.33000422	1964.00000000	0.00000000	0.00000000
4.34000444	1963.00000000	0.00000000	0.00000000
4.35000467	1964.00000000	0.00000000	0.00000000
4.36000490	1963.00000000	0.00000000	0.00000000
4.37000513	2087.00000000	0.00000000	0.00000000
4.38000536	2086.00000000	0.00000000	0.00000000
4.39000559	1963.00000000	0.00000000	0.00000000
4.40000582	1964.00000000	0.00000000	0.00000000
4.41000605	1963.00000000	0.00000000	0.00000000
4.42000628	1964.00000000	0.00000000	0.00000000
4.43000650	2086.00000000	0.00000000	0.00000000
4.44000673	2086.00000000	0.00000000	0.00000000
4.45000696	1964.00000000	0.00000000	0.00000000
4.46000719	2087.00000000	0.00000000	0.00000000
4.47000742	2086.00000000	0.00000000	0.00000000
4.48000765	2086.00000000	0.00000000	0.00000000
4.49000788	1964.00000000	0.00000000	0.00000000
4.50000811	1963.00000000	0.00000000	0.00000000
4.51000834	2087.00000000	0.00000000	0.00000000
4.52000856	1963.00000000	0.00000000	0.00000000
4.53000879	2086.00000000	0.00000000	0.00000000
4.54000902	2087.00000000	0.00000000	0.00000000
4.55000925	1963.00000000	0.00000000	0.00000000
4.56000948	2087.00000000	0.00000000	0.00000000
4.57000971	1963.00000000	0.00000000	0.00000000
4.58000994	1964.00000000	0.00000000	0.00000000
4.59001017	1963.00000000	0.00000000	0.00000000
4.60001040	1964.00000000	0.00000000	0.00000000
4.61001062	1963.00000000	0.00000000	0.00000000
4.62001085	2086.00000000	0.00000000	0.00000000
4.63001108	1964.00000000	0.00000000	0.00000000
4.64001131	1963.00000000	0.00000000	0.00000000
4.65001154	1964.00000000	0.00000000	0.00000000
4.66001177	2086.00000000	0.00000000	0.00000000
4.67001200	2086.00000000	0.00000000	0.00000000
4.68001223	1964.00000000	0.00000000	0.00000000
4.69001245	2086.00000000	0.00000000	0.00000000
4.70001268	4050.00000000	0.00000000	0.00000000
4.71001291	2086.00000000	0.00000000	0.00000000
4.72001314	2087.00000000	0.00000000	0.00000000
4.73001337	1963.00000000	0.00000000	0.00000000
4.74001360	1963.00000000	0.00000000	0.00000000
4.75001383	1964.00000000	0.00000000	0.00000000
4.76001406	1963.00000000	0.00000000	0.00000000
4.77001429	2087.00000000	0.00000000	0.00000000
4.78001451	2209.00000000	0.00000000	0.00000000
4.79001474	2086.00000000	0.00000000	0.00000000
4.80001497	1841.00000000	0.00000000	0.00000000
4.81001520	2086.00000000	0.00000000	0.00000000
4.82001543	1964.00000000	0.00000000	0.00000000
4.83001566	2086.00000000	0.00000000	0.00000000
4.84001589	2087.00000000	0.00000000	0.00000000
4.85001612	1963.00000000	0.00000000	0.00000000
4.86001635	2087.00000000	0.00000000	0.00000000
4.87001657	2086.00000000	0.00000000	0.00000000
4.88001680	2087.00000000	0.00000000	0.00000000
4.89001703	2086.00000000	0.00000000	0.00000000
4.90001726	2086.00000000	0.00000000	0.00000000
4.91001749	1964.00000000	0.00000000	0.00000000
4.92001772	2086.00000000	0.00000000	0.00000000
4.93001795	2086.00000000	0.00000000	0.00000000
4.94001818	2087.00000000	0.00000000	0.00000000
4.95001841	1840.00000000	0.00000000	0.00000000
4.96001863	2087.00000000	0.00000000	0.00000000
4.97001886	1964.00000000	0.00000000	0.00000000
4.98001909	1963.00000000	0.00000000	0.00000000
4.99001932	1963.00000000	0.00000000	0.00000000
5.00001955	2210.00000000	0.00000000	0.00000000
5.01001978	1963.00000000	0.00000000	0.00000000
5.02002001	1964.00000000	0.00000000	0.00000000
5.03002024	2086.00000000	0.00000000	0.00000000
5.04002047	2086.00000000	0.00000000	0.00000000
5.05002069	2087.00000000	0.00000000	0.00000000
5.06002092	1963.00000000	0.00000000	0.00000000
5.07002115	2087.00000000	0.00000000	0.00000000
5.08002138	2086.00000000	0.00000000	0.00000000
5.09002161	2086.00000000	0.00000000	0.00000000
5.10002184	1964.00000000	0.00000000	0.00000000
5.11002207	2086.00000000	0.00000000	0.00000000
5.12002230	2087.00000000	0.00000000	0.00000000
5.13002253	1963.00000000	0.00000000	0.00000000
5.14002275	1964.00000000	0.00000000	0.00000000
5.15002298	2086.00000000	0.00000000	0.00000000
5.16002321	1963.00000000	0.00000000	0.00000000
5.17002344	1964.00000000	0.00000000	0.00000000
5.18002367	2086.00000000	0.00000000	0.00000000
5.19002390	1964.00000000	0.00000000	0.00000000
5.20002413	1963.00000000	0.00000000	0.00000000
5.21002436	1963.00000000	0.00000000	0.00000000
5.22002459	1964.00000000	0.00000000	0.00000000
5.23002481	1963.00000000	0.00000000	0.00000000
5.24002504	4050.00000000	0.00000000	0.00000000
5.25002527	2086.00000000	0.00000000	0.00000000
5.26002550	1964.00000000	0.00000000	0.00000000
5.27002573	1963.00000000	0.00000000	0.00000000
5.28002596	2087.00000000	0.00000000	0.00000000
5.29002619	2086.00000000	0.00000000	0.00000000
5.30002642	2086.00000000	0.00000000	0.00000000
5.31002665	2210.00000000	0.00000000	0.00000000
5.32002687	1963.00000000	0.00000000	0.00000000
5.33002710	2087.00000000	0.00000000	0.00000000
5.34002733	1963.00000000	0.00000000	0.00000000
5.35002756	2086.00000000	0.00000000	0.00000000
5.36002779	1964.00000000	0.00000000	0.00000000
5.37002802	1963.00000000	0.00000000	0.00000000
5.38002825	4173.00000000	0.00000000	0.00000000
5.39002848	1963.00000000	0.00000000	0.00000000
5.40002871	2087.00000000	0.00000000	0.00000000
5.41002893	1963.00000000	0.00000000	0.00000000
5.42002916	1964.00000000	0.00000000	0.00000000
5.43002939	2209.00000000	0.00000000	0.00000000
5.44002962	1963.00000000	0.00000000	0.00000000
5.45002985	2087.00000000	0.00000000	0.00000000
5.46003008	1963.00000000	0.00000000	0.00000000
5.47003031	2087.00000000	0.00000000	0.00000000
5.48003054	2086.00000000	0.00000000	0.00000000
5.49003077	2086.00000000	0.00000000	0.00000000
5.50003099	2087.00000000	0.00000000	0.00000000
5.51003122	1964.00000000	0.00000000	0.00000000
5.52003145	2209.00000000	0.00000000	0.00000000
5.53003168	1963.00000000	0.00000000	0.00000000
5.54003191	2087.00000000	0.00000000	0.00000000
5.55003214	1963.00000000	0.00000000	0.00000000
5.56003237	1964.00000000	0.00000000	0.00000000
5.57003260	2086.00000000	0.00000000	0.00000000
5.58003283	1963.00000000	0.00000000	0.00000000
5.59003305	1964.00000000	0.00000000	0.00000000
5.60003328	1963.00000000	0.00000000	0.00000000
5.61003351	1964.00000000	0.00000000	0.00000000
5.62003374	2086.00000000	0.00000000	0.00000000
5.63003397	2086.00000000	0.00000000	0.00000000
5.64003420	2087.00000000	0.00000000	0.00000000
5.65003443	1964.00000000	0.00000000	0.00000000
5.66003466	2086.00000000	0.00000000	0.00000000
5.67003489	1963.00000000	0.00000000	0.00000000
5.68003511	2087.00000000	0.00000000	0.00000000
5.69003534	1963.00000000	0.00000000	0.00000000
5.70003557	2087.00000000	0.00000000	0.00000000
5.71003580	2086.00000000	0.00000000	0.00000000
5.72003603	2086.00000000	0.00000000	0.00000000
5.73003626	1964.00000000	0.00000000	0.00000000
5.74003649	2086.00000000	0.00000000	0.00000000
5.75003672	2087.00000000	0.00000000	0.00000000
5.76003695	2086.00000000	0.00000000	0.00000000
5.77003717	1963.00000000	0.00000000	0.00000000
5.78003740	1964.00000000	0.00000000	0.00000000
5.79003763	2086.00000000	0.00000000	0.00000000
5.80003786	1964.00000000	0.00000000	0.00000000
5.81003809	1963.00000000	0.00000000	0.00000000
5.82003832	1964.00000000	0.00000000	0.00000000
5.83003855	2086.00000000	0.00000000	0.00000000
5.84003878	1964.00000000	0.00000000	0.00000000
5.85003901	2086.00000000	0.00000000	0.00000000
5.86003923	1963.00000000	0.00000000	0.00000000
5.87003946	2087.00000000	0.00000000	0.00000000
5.88003969	2086.00000000	0.00000000	0.00000000
5.89003992	1964.00000000	0.00000000	0.00000000
5.90004015	1963.00000000	0.00000000	0.00000000
5.91004038	2086.00000000	0.00000000	0.00000000
5.92004061	1840.00000000	0.00000000	0.00000000
5.93004084	2087.00000000	0.00000000	0.00000000
5.94004107	2086.00000000	0.00000000	0.00000000
5.95004129	1963.00000000	0.00000000	0.00000000
5.96004152	1964.00000000	0.00000000	0.00000000
5.97004175	2086.00000000	0.00000000	0.00000000
5.98004198	1963.00000000	0.00000000	0.00000000
5.99004221	1964.00000000	0.00000000	0.00000000
6.00004244	1963.00000000	0.00000000	0.00000000
6.01004267	2087.00000000	0.00000000	0.00000000
6.02004290	1963.00000000	0.00000000	0.00000000
6.03004313	2086.00000000	0.00000000	0.00000000
6.04004335	1964.00000000	0.00000000	0.00000000
6.05004358	1964.00000000	0.00000000	0.00000000
6.06004381	2086.00000000	0.00000000	0.00000000
6.07004404	1964.00000000	0.00000000	0.00000000
6.08004427	2086.00000000	0.00000000	0.00000000
6.09004450	1963.00000000	0.00000000	0.00000000
6.10004473	2087.00000000	0.00000000	0.00000000
6.11004496	2086.00000000	0.00000000	0.00000000
6.12004519	1963.00000000	0.00000000	0.00000000
6.13004541	1964.00000000	0.00000000	0.00000000
6.14004564	1963.00000000	0.00000000	0.00000000
6.15004587	2087.00000000	0.00000000	0.00000000
6.16004610	1963.00000000	0.00000000	0.00000000
6.17004633	4050.00000000	0.00000000	0.00000000
6.18004656	1963.00000000	0.00000000	0.00000000
6.19004679	1964.00000000	0.00000000	0.00000000
6.20004702	2086.00000000	0.00000000	0.00000000
6.21004725	1963.00000000	0.00000000	0.00000000
6.22004747	1964.00000000	0.00000000	0.00000000
6.23004770	2086.00000000	0.00000000	0.00000000
6.24004793	2087.00000000	0.00000000	0.00000000
6.25004816	1963.00000000	0.00000000	0.00000000
6.26004839	1963.00000000	0.00000000	0.00000000
6.27004862	1964.00000000	0.00000000	0.00000000
6.28004885	2086.00000000	0.00000000	0.00000000
6.29004908	2087.00000000	0.00000000	0.00000000
6.30004930	2086.00000000	0.00000000	0.00000000
6.31004953	1964.00000000	0.00000000	0.00000000
6.32004976	2209.00000000	0.00000000	0.00000000
6.33004999	2087.00000000	0.00000000	0.00000000
6.34005022	1963.00000000	0.00000000	0.00000000
6.35005045	1964.00000000	0.00000000	0.00000000
6.36005068	2086.00000000	0.00000000	0.00000000
6.37005091	1963.00000000	0.00000000	0.00000000
6.38005114	2087.00000000	0.00000000	0.00000000
6.39005136	1963.00000000	0.00000000	0.00000000
6.40005159	2086.00000000	0.00000000	0.00000000
6.41005182	1964.00000000	0.00000000	0.00000000
6.42005205	1963.00000000	0.00000000	0.00000000
6.43005228	2086.00000000	0.00000000	0.00000000
6.44005251	2086.00000000	0.00000000	0.00000000
6.45005274	2087.00000000	0.00000000	0.00000000
6.46005297	2086.00000000	0.00000000	0.00000000
6.47005320	1841.00000000	0.00000000	0.00000000
6.48005342	2086.00000000	0.00000000	0.00000000
6.49005365	1963.00000000	0.00000000	0.00000000
6.50005388	2087.00000000	0.00000000	0.00000000
6.51005411	2086.00000000	0.00000000	0.00000000
6.52005434	1964.00000000	0.00000000	0.00000000
6.53005457	2086.00000000	0.00000000	0.00000000
6.54005480	4050.00000000	0.00000000	0.00000000
6.55005503	1840.00000000	0.00000000	0.00000000
6.56005526	2087.00000000	0.00000000	0.00000000
6.57005548	2086.00000000	0.00000000	0.00000000
6.58005571	2086.00000000	0.00000000	0.00000000
6.59005594	2087.00000000	0.00000000	0.00000000
6.60005617	1963.00000000	0.00000000	0.00000000
6.61005640	2087.00000000	0.00000000	0.00000000
6.62005663	2086.00000000	0.00000000	0.00000000
6.63005686	1963.00000000	0.00000000	0.00000000
6.64005709	1964.00000000	0.00000000	0.00000000
6.65005732	2086.00000000	0.00000000	0.00000000
6.66005754	2086.00000000	0.00000000	0.00000000
6.67005777	1964.00000000	0.00000000	0.00000000
6.68005800	1964.00000000	0.00000000	0.00000000
6.69005823	2086.00000000	0.00000000	0.00000000
6.70005846	2087.00000000	0.00000000	0.00000000
6.71005869	2209.00000000	0.00000000	0.00000000
6.72005892	2086.00000000	0.00000000	0.00000000
6.73005915	2087.00000000	0.00000000	0.00000000
6.74005938	2086.00000000	0.00000000	0.00000000
6.75005960	1964.00000000	0.00000000	0.00000000
6.76005983	1963.00000000	0.00000000	0.00000000
6.77006006	2086.00000000	0.00000000	0.00000000
6.78006029	2087.00000000	0.00000000	0.00000000
6.79006052	1963.00000000	0.00000000	0.00000000
6.80006075	2210.00000000	0.00000000	0.00000000
6.81006098	2086.00000000	0.00000000	0.00000000
6.82006121	1964.00000000	0.00000000	0.00000000
6.83006144	2086.00000000	0.00000000	0.00000000
6.84006166	2086.00000000	0.00000000	0.00000000
6.85006189	2087.00000000	0.00000000	0.00000000
6.86006212	2086.00000000	0.00000000	0.00000000
6.87006235	1841.00000000	0.00000000	0.00000000
6.88006258	2086.00000000	0.00000000	0.00000000
6.89006281	2087.00000000	0.00000000	0.00000000
6.90006304	2086.00000000	0.00000000	0.00000000
6.91006327	2086.00000000	0.00000000	0.00000000
6.92006350	1964.00000000	0.00000000	0.00000000
6.93006372	2086.00000000	0.00000000	0.00000000
6.94006395	2086.00000000	0.00000000	0.00000000
6.95006418	2087.00000000	0.00000000	0.00000000
6.96006441	1964.00000000	0.00000000	0.00000000
6.97006464	2209.00000000	0.00000000	0.00000000
6.98006487	2209.00000000	0.00000000	0.00000000
6.99006510	1964.00000000	0.00000000	0.00000000
7.00006533	2086.00000000	0.00000000	0.00000000
