Position	Counts A	Counts B	Counts AB
0.01000000	1594.00000000	0.00000000	0.00000000
0.02000000	2332.00000000	0.00000000	0.00000000
0.03000000	2456.00000000	0.00000000	0.00000000
0.04000000	2209.00000000	0.00000000	0.00000000
0.05000000	4050.00000000	0.00000000	0.00000000
0.05999999	1718.00000000	0.00000000	0.00000000
0.06999999	1594.00000000	0.00000000	0.00000000
0.07999999	1592.00000000	0.00000000	0.00000000
0.08999999	1342.00000000	0.00000000	0.00000000
0.09999999	961.00000000	0.00000000	0.00000000
0.10999998	1344.00000000	0.00000000	0.00000000
0.11999998	736.00000000	0.00000000	0.00000000
0.12999998	1592.00000000	0.00000000	0.00000000
0.13999999	1718.00000000	0.00000000	0.00000000
0.14999999	1840.00000000	0.00000000	0.00000000
0.16000000	1964.00000000	0.00000000	0.00000000
0.17000000	2209.00000000	0.00000000	0.00000000
0.18000001	2455.00000000	0.00000000	0.00000000
0.19000001	2578.00000000	0.00000000	0.00000000
0.20000002	2578.00000000	0.00000000	0.00000000
0.21000002	2579.00000000	0.00000000	0.00000000
0.22000003	2455.00000000	0.00000000	0.00000000
0.23000003	2456.00000000	0.00000000	0.00000000
0.24000004	2209.00000000	0.00000000	0.00000000
0.25000003	2087.00000000	0.00000000	0.00000000
0.26000002	1963.00000000	0.00000000	0.00000000
0.27000001	1840.00000000	0.00000000	0.00000000
0.28000000	2934.00000000	0.00000000	0.00000000
0.28999999	736.00000000	0.00000000	0.00000000
0.29999998	1563.00000000	0.00000000	0.00000000
0.30999997	1581.00000000	0.00000000	0.00000000
0.31999996	1227.00000000	0.00000000	0.00000000
0.32999995	1227.00000000	0.00000000	0.00000000
0.33999994	1841.00000000	0.00000000	0.00000000
0.34999993	1963.00000000	0.00000000	0.00000000
0.35999992	2209.00000000	0.00000000	0.00000000
0.36999992	2333.00000000	0.00000000	0.00000000
0.37999991	2455.00000000	0.00000000	0.00000000
0.38999990	2578.00000000	0.00000000	0.00000000
0.39999989	2702.00000000	0.00000000	0.00000000
0.40999988	4052.00000000	0.00000000	0.00000000
0.41999987	2455.00000000	0.00000000	0.00000000
0.42999986	2332.00000000	0.00000000	0.00000000
0.43999985	2210.00000000	0.00000000	0.00000000
0.44999984	1840.00000000	0.00000000	0.00000000
0.45999983	1841.00000000	0.00000000	0.00000000
0.46999982	1594.00000000	0.00000000	0.00000000
0.47999981	1962.00000000	0.00000000	0.00000000
0.48999980	1592.00000000	0.00000000	0.00000000
0.49999979	948.00000000	0.00000000	0.00000000
0.50999981	1958.00000000	0.00000000	0.00000000
0.51999980	368.00000000	0.00000000	0.00000000
0.52999979	1595.00000000	0.00000000	0.00000000
0.53999978	3190.00000000	0.00000000	0.00000000
0.54999977	2209.00000000	0.00000000	0.00000000
0.55999976	2210.00000000	0.00000000	0.00000000
0.56999975	2455.00000000	0.00000000	0.00000000
0.57999974	2579.00000000	0.00000000	0.00000000
0.58999974	2578.00000000	0.00000000	0.00000000
0.59999973	2702.00000000	0.00000000	0.00000000
0.60999972	2578.00000000	0.00000000	0.00000000
0.61999971	2578.00000000	0.00000000	0.00000000
0.62999970	2333.00000000	0.00000000	0.00000000
0.63999969	2332.00000000	0.00000000	0.00000000
0.64999968	3804.00000000	0.00000000	0.00000000
0.65999967	1717.00000000	0.00000000	0.00000000
0.66999966	1595.00000000	0.00000000	0.00000000
0.67999965	1471.00000000	0.00000000	0.00000000
0.68999964	1348.00000000	0.00000000	0.00000000
0.69999963	1700.00000000	0.00000000	0.00000000
0.70999962	1227.00000000	0.00000000	0.00000000
0.71999961	1717.00000000	0.00000000	0.00000000
0.72999960	1717.00000000	0.00000000	0.00000000
0.73999959	1964.00000000	0.00000000	0.00000000
0.74999958	2086.00000000	0.00000000	0.00000000
0.75999957	2332.00000000	0.00000000	0.00000000
0.76999956	2333.00000000	0.00000000	0.00000000
0.77999955	5156.00000000	0.00000000	0.00000000
0.78999954	2702.00000000	0.00000000	0.00000000
0.79999954	2455.00000000	0.00000000	0.00000000
0.80999953	2579.00000000	0.00000000	0.00000000
0.81999952	2332.00000000	0.00000000	0.00000000
0.82999951	2210.00000000	0.00000000	0.00000000
0.83999950	2086.00000000	0.00000000	0.00000000
0.84999949	1963.00000000	0.00000000	0.00000000
0.85999948	1591.00000000	0.00000000	0.00000000
0.86999947	2085.00000000	0.00000000	0.00000000
0.87999946	2167.00000000	0.00000000	0.00000000
0.88999945	724.00000000	0.00000000	0.00000000
0.89999944	1954.00000000	0.00000000	0.00000000
0.90999943	1594.00000000	0.00000000	0.00000000
0.91999942	1718.00000000	0.00000000	0.00000000
0.92999941	1840.00000000	0.00000000	0.00000000
0.93999940	2086.00000000	0.00000000	0.00000000
0.94999939	2210.00000000	0.00000000	0.00000000
0.95999938	2332.00000000	0.00000000	0.00000000
0.96999937	2579.00000000	0.00000000	0.00000000
0.97999936	2701.00000000	0.00000000	0.00000000
0.98999935	2578.00000000	0.00000000	0.00000000
0.99999934	2579.00000000	0.00000000	0.00000000
1.00999939	2578.00000000	0.00000000	0.00000000
1.01999938	2455.00000000	0.00000000	0.00000000
1.02999938	2210.00000000	0.00000000	0.00000000
1.03999937	2086.00000000	0.00000000	0.00000000
1.04999936	1717.00000000	0.00000000	0.00000000
1.05999935	1836.00000000	0.00000000	0.00000000
1.06999934	1466.00000000	0.00000000	0.00000000
1.07999933	1458.00000000	0.00000000	0.00000000
1.08999932	1216.00000000	0.00000000	0.00000000
1.09999931	729.00000000	0.00000000	0.00000000
1.10999930	1595.00000000	0.00000000	0.00000000
1.11999929	1840.00000000	0.00000000	0.00000000
1.12999928	1840.00000000	0.00000000	0.00000000
1.13999927	2087.00000000	0.00000000	0.00000000
1.14999926	2209.00000000	0.00000000	0.00000000
1.15999925	2333.00000000	0.00000000	0.00000000
1.16999924	2701.00000000	0.00000000	0.00000000
1.17999923	2579.00000000	0.00000000	0.00000000
1.18999922	2578.00000000	0.00000000	0.00000000
1.19999921	2456.00000000	0.00000000	0.00000000
1.20999920	2332.00000000	0.00000000	0.00000000
1.21999919	2332.00000000	0.00000000	0.00000000
1.22999918	1964.00000000	0.00000000	0.00000000
1.23999918	1963.00000000	0.00000000	0.00000000
1.24999917	1717.00000000	0.00000000	0.00000000
1.25999916	1472.00000000	0.00000000	0.00000000
1.26999915	2546.00000000	0.00000000	0.00000000
1.27999914	1569.00000000	0.00000000	0.00000000
1.28999913	1219.00000000	0.00000000	0.00000000
1.29999912	1955.00000000	0.00000000	0.00000000
1.30999911	1717.00000000	0.00000000	0.00000000
1.31999910	1964.00000000	0.00000000	0.00000000
1.32999909	2086.00000000	0.00000000	0.00000000
1.33999908	2332.00000000	0.00000000	0.00000000
1.34999907	2456.00000000	0.00000000	0.00000000
1.35999906	2578.00000000	0.00000000	0.00000000
1.36999905	2702.00000000	0.00000000	0.00000000
1.37999904	2701.00000000	0.00000000	0.00000000
1.38999903	2578.00000000	0.00000000	0.00000000
1.39999902	2456.00000000	0.00000000	0.00000000
1.40999901	2455.00000000	0.00000000	0.00000000
1.41999900	2087.00000000	0.00000000	0.00000000
1.42999899	2086.00000000	0.00000000	0.00000000
1.43999898	1963.00000000	0.00000000	0.00000000
1.44999897	1590.00000000	0.00000000	0.00000000
1.45999897	1587.00000000	0.00000000	0.00000000
1.46999896	1698.00000000	0.00000000	0.00000000
1.47999895	1444.00000000	0.00000000	0.00000000
1.48999894	981.00000000	0.00000000	0.00000000
1.49999893	1471.00000000	0.00000000	0.00000000
1.50999892	1718.00000000	0.00000000	0.00000000
1.51999891	1840.00000000	0.00000000	0.00000000
1.52999890	2086.00000000	0.00000000	0.00000000
1.53999889	2210.00000000	0.00000000	0.00000000
1.54999888	2455.00000000	0.00000000	0.00000000
1.55999887	2579.00000000	0.00000000	0.00000000
1.56999886	2579.00000000	0.00000000	0.00000000
1.57999885	2578.00000000	0.00000000	0.00000000
1.58999884	2578.00000000	0.00000000	0.00000000
1.59999883	2333.00000000	0.00000000	0.00000000
1.60999882	2209.00000000	0.00000000	0.00000000
1.61999881	2086.00000000	0.00000000	0.00000000
1.62999880	1964.00000000	0.00000000	0.00000000
1.63999879	1594.00000000	0.00000000	0.00000000
1.64999878	1595.00000000	0.00000000	0.00000000
1.65999877	1838.00000000	0.00000000	0.00000000
1.66999876	1465.00000000	0.00000000	0.00000000
1.67999876	858.00000000	0.00000000	0.00000000
1.68999875	1595.00000000	0.00000000	0.00000000
1.69999874	1594.00000000	0.00000000	0.00000000
1.70999873	1840.00000000	0.00000000	0.00000000
1.71999872	1964.00000000	0.00000000	0.00000000
1.72999871	2209.00000000	0.00000000	0.00000000
1.73999870	2333.00000000	0.00000000	0.00000000
1.74999869	2455.00000000	0.00000000	0.00000000
1.75999868	2578.00000000	0.00000000	0.00000000
1.76999867	2702.00000000	0.00000000	0.00000000
1.77999866	2701.00000000	0.00000000	0.00000000
1.78999865	2701.00000000	0.00000000	0.00000000
1.79999864	2456.00000000	0.00000000	0.00000000
1.80999863	2209.00000000	0.00000000	0.00000000
1.81999862	1963.00000000	0.00000000	0.00000000
1.82999861	1718.00000000	0.00000000	0.00000000
1.83999860	1594.00000000	0.00000000	0.00000000
1.84999859	1453.00000000	0.00000000	0.00000000
1.85999858	1206.00000000	0.00000000	0.00000000
1.86999857	1457.00000000	0.00000000	0.00000000
1.87999856	980.00000000	0.00000000	0.00000000
1.88999856	1472.00000000	0.00000000	0.00000000
1.89999855	1594.00000000	0.00000000	0.00000000
1.90999854	1718.00000000	0.00000000	0.00000000
1.91999853	1963.00000000	0.00000000	0.00000000
1.92999852	2332.00000000	0.00000000	0.00000000
1.93999851	2332.00000000	0.00000000	0.00000000
1.94999850	2579.00000000	0.00000000	0.00000000
1.95999849	2701.00000000	0.00000000	0.00000000
1.96999848	2702.00000000	0.00000000	0.00000000
1.97999847	2455.00000000	0.00000000	0.00000000
1.98999846	2455.00000000	0.00000000	0.00000000
1.99999845	2333.00000000	0.00000000	0.00000000
2.00999856	2209.00000000	0.00000000	0.00000000
2.01999855	1964.00000000	0.00000000	0.00000000
2.02999854	1840.00000000	0.00000000	0.00000000
2.03999853	1718.00000000	0.00000000	0.00000000
2.04999852	1341.00000000	0.00000000	0.00000000
2.05999851	1218.00000000	0.00000000	0.00000000
2.06999850	1346.00000000	0.00000000	0.00000000
2.07999849	1470.00000000	0.00000000	0.00000000
2.08999848	859.00000000	0.00000000	0.00000000
2.09999847	1840.00000000	0.00000000	0.00000000
2.10999846	1841.00000000	0.00000000	0.00000000
2.11999846	2086.00000000	0.00000000	0.00000000
2.12999845	2209.00000000	0.00000000	0.00000000
2.13999844	2456.00000000	0.00000000	0.00000000
2.14999843	2701.00000000	0.00000000	0.00000000
2.15999842	2579.00000000	0.00000000	0.00000000
2.16999841	2701.00000000	0.00000000	0.00000000
2.17999840	2579.00000000	0.00000000	0.00000000
2.18999839	2455.00000000	0.00000000	0.00000000
2.19999838	2087.00000000	0.00000000	0.00000000
2.20999837	2086.00000000	0.00000000	0.00000000
2.21999836	1840.00000000	0.00000000	0.00000000
2.22999835	1718.00000000	0.00000000	0.00000000
2.23999834	1954.00000000	0.00000000	0.00000000
2.24999833	1327.00000000	0.00000000	0.00000000
2.25999832	1458.00000000	0.00000000	0.00000000
2.26999831	1959.00000000	0.00000000	0.00000000
2.27999830	1216.00000000	0.00000000	0.00000000
2.28999829	1717.00000000	0.00000000	0.00000000
2.29999828	1841.00000000	0.00000000	0.00000000
2.30999827	2086.00000000	0.00000000	0.00000000
2.31999826	2087.00000000	0.00000000	0.00000000
2.32999825	2332.00000000	0.00000000	0.00000000
2.33999825	2701.00000000	0.00000000	0.00000000
2.34999824	2579.00000000	0.00000000	0.00000000
2.35999823	2578.00000000	0.00000000	0.00000000
2.36999822	2579.00000000	0.00000000	0.00000000
2.37999821	2578.00000000	0.00000000	0.00000000
2.38999820	2455.00000000	0.00000000	0.00000000
2.39999819	2456.00000000	0.00000000	0.00000000
2.40999818	1964.00000000	0.00000000	0.00000000
2.41999817	1717.00000000	0.00000000	0.00000000
2.42999816	1717.00000000	0.00000000	0.00000000
2.43999815	1466.00000000	0.00000000	0.00000000
2.44999814	1948.00000000	0.00000000	0.00000000
2.45999813	736.00000000	0.00000000	0.00000000
2.46999812	1833.00000000	0.00000000	0.00000000
2.47999811	1104.00000000	0.00000000	0.00000000
2.48999810	1594.00000000	0.00000000	0.00000000
2.49999809	1840.00000000	0.00000000	0.00000000
2.50999808	1964.00000000	0.00000000	0.00000000
2.51999807	2209.00000000	0.00000000	0.00000000
2.52999806	4665.00000000	0.00000000	0.00000000
2.53999805	2455.00000000	0.00000000	0.00000000
2.54999804	2579.00000000	0.00000000	0.00000000
2.55999804	2578.00000000	0.00000000	0.00000000
2.56999803	2578.00000000	0.00000000	0.00000000
2.57999802	2579.00000000	0.00000000	0.00000000
2.58999801	2455.00000000	0.00000000	0.00000000
2.59999800	2087.00000000	0.00000000	0.00000000
2.60999799	2086.00000000	0.00000000	0.00000000
2.61999798	1718.00000000	0.00000000	0.00000000
2.62999797	1717.00000000	0.00000000	0.00000000
2.63999796	2812.00000000	0.00000000	0.00000000
2.64999795	597.00000000	0.00000000	0.00000000
2.65999794	1958.00000000	0.00000000	0.00000000
2.66999793	1465.00000000	0.00000000	0.00000000
2.67999792	1594.00000000	0.00000000	0.00000000
2.68999791	1841.00000000	0.00000000	0.00000000
2.69999790	1840.00000000	0.00000000	0.00000000
2.70999789	2209.00000000	0.00000000	0.00000000
2.71999788	2210.00000000	0.00000000	0.00000000
2.72999787	2455.00000000	0.00000000	0.00000000
2.73999786	2579.00000000	0.00000000	0.00000000
2.74999785	2455.00000000	0.00000000	0.00000000
2.75999784	2578.00000000	0.00000000	0.00000000
2.76999784	2702.00000000	0.00000000	0.00000000
2.77999783	2333.00000000	0.00000000	0.00000000
2.78999782	2209.00000000	0.00000000	0.00000000
2.79999781	2086.00000000	0.00000000	0.00000000
2.80999780	1964.00000000	0.00000000	0.00000000
2.81999779	1717.00000000	0.00000000	0.00000000
2.82999778	1577.00000000	0.00000000	0.00000000
2.83999777	1594.00000000	0.00000000	0.00000000
2.84999776	1336.00000000	0.00000000	0.00000000
2.85999775	2321.00000000	0.00000000	0.00000000
2.86999774	613.00000000	0.00000000	0.00000000
2.87999773	1472.00000000	0.00000000	0.00000000
2.88999772	1594.00000000	0.00000000	0.00000000
2.89999771	1963.00000000	0.00000000	0.00000000
2.90999770	2209.00000000	0.00000000	0.00000000
2.91999769	2456.00000000	0.00000000	0.00000000
2.92999768	2578.00000000	0.00000000	0.00000000
2.93999767	2578.00000000	0.00000000	0.00000000
2.94999766	2579.00000000	0.00000000	0.00000000
2.95999765	2701.00000000	0.00000000	0.00000000
2.96999764	2578.00000000	0.00000000	0.00000000
2.97999763	2333.00000000	0.00000000	0.00000000
2.98999763	2210.00000000	0.00000000	0.00000000
2.99999762	2209.00000000	0.00000000	0.00000000
3.00999761	1963.00000000	0.00000000	0.00000000
3.01999760	1961.00000000	0.00000000	0.00000000
3.02999759	1591.00000000	0.00000000	0.00000000
3.03999758	1459.00000000	0.00000000	0.00000000
3.04999757	1470.00000000	0.00000000	0.00000000
3.05999756	1472.00000000	0.00000000	0.00000000
3.06999755	1594.00000000	0.00000000	0.00000000
3.07999754	1594.00000000	0.00000000	0.00000000
3.08999753	1841.00000000	0.00000000	0.00000000
3.09999752	1963.00000000	0.00000000	0.00000000
3.10999751	2087.00000000	0.00000000	0.00000000
3.11999750	2209.00000000	0.00000000	0.00000000
3.12999749	2578.00000000	0.00000000	0.00000000
3.13999748	2456.00000000	0.00000000	0.00000000
3.14999747	2701.00000000	0.00000000	0.00000000
3.15999746	2456.00000000	0.00000000	0.00000000
3.16999745	2455.00000000	0.00000000	0.00000000
3.17999744	2333.00000000	0.00000000	0.00000000
3.18999743	2086.00000000	0.00000000	0.00000000
3.19999743	1964.00000000	0.00000000	0.00000000
3.20999742	1840.00000000	0.00000000	0.00000000
3.21999741	1717.00000000	0.00000000	0.00000000
3.22999740	1595.00000000	0.00000000	0.00000000
3.23999739	1953.00000000	0.00000000	0.00000000
3.24999738	1835.00000000	0.00000000	0.00000000
3.25999737	613.00000000	0.00000000	0.00000000
3.26999736	1471.00000000	0.00000000	0.00000000
3.27999735	1718.00000000	0.00000000	0.00000000
3.28999734	1594.00000000	0.00000000	0.00000000
3.29999733	2086.00000000	0.00000000	0.00000000
3.30999732	2332.00000000	0.00000000	0.00000000
3.31999731	2456.00000000	0.00000000	0.00000000
3.32999730	2578.00000000	0.00000000	0.00000000
3.33999729	2456.00000000	0.00000000	0.00000000
3.34999728	2578.00000000	0.00000000	0.00000000
3.35999727	2578.00000000	0.00000000	0.00000000
3.36999726	2579.00000000	0.00000000	0.00000000
3.37999725	2332.00000000	0.00000000	0.00000000
3.38999724	2087.00000000	0.00000000	0.00000000
3.39999723	2086.00000000	0.00000000	0.00000000
3.40999722	3558.00000000	0.00000000	0.00000000
3.41999722	1471.00000000	0.00000000	0.00000000
3.42999721	1588.00000000	0.00000000	0.00000000
3.43999720	1472.00000000	0.00000000	0.00000000
3.44999719	1465.00000000	0.00000000	0.00000000
3.45999718	1954.00000000	0.00000000	0.00000000
3.46999717	1104.00000000	0.00000000	0.00000000
3.47999716	1841.00000000	0.00000000	0.00000000
3.48999715	1963.00000000	0.00000000	0.00000000
3.49999714	2086.00000000	0.00000000	0.00000000
3.50999713	2333.00000000	0.00000000	0.00000000
3.51999712	2332.00000000	0.00000000	0.00000000
3.52999711	2579.00000000	0.00000000	0.00000000
3.53999710	2455.00000000	0.00000000	0.00000000
3.54999709	2701.00000000	0.00000000	0.00000000
3.55999708	2455.00000000	0.00000000	0.00000000
3.56999707	2333.00000000	0.00000000	0.00000000
3.57999706	2332.00000000	0.00000000	0.00000000
3.58999705	2086.00000000	0.00000000	0.00000000
3.59999704	1841.00000000	0.00000000	0.00000000
3.60999703	1717.00000000	0.00000000	0.00000000
3.61999702	1594.00000000	0.00000000	0.00000000
3.62999701	1472.00000000	0.00000000	0.00000000
3.63999701	1472.00000000	0.00000000	0.00000000
3.64999700	1592.00000000	0.00000000	0.00000000
3.65999699	1470.00000000	0.00000000	0.00000000
3.66999698	1594.00000000	0.00000000	0.00000000
3.67999697	1595.00000000	0.00000000	0.00000000
3.68999696	1840.00000000	0.00000000	0.00000000
3.69999695	4419.00000000	0.00000000	0.00000000
3.70999694	2332.00000000	0.00000000	0.00000000
3.71999693	2456.00000000	0.00000000	0.00000000
3.72999692	2578.00000000	0.00000000	0.00000000
3.73999691	2456.00000000	0.00000000	0.00000000
3.74999690	2578.00000000	0.00000000	0.00000000
3.75999689	2578.00000000	0.00000000	0.00000000
3.76999688	2333.00000000	0.00000000	0.00000000
3.77999687	2332.00000000	0.00000000	0.00000000
3.78999686	2087.00000000	0.00000000	0.00000000
3.79999685	1963.00000000	0.00000000	0.00000000
3.80999684	1840.00000000	0.00000000	0.00000000
3.81999683	1594.00000000	0.00000000	0.00000000
3.82999682	1472.00000000	0.00000000	0.00000000
3.83999681	1339.00000000	0.00000000	0.00000000
3.84999681	1453.00000000	0.00000000	0.00000000
3.85999680	1594.00000000	0.00000000	0.00000000
3.86999679	1594.00000000	0.00000000	0.00000000
3.87999678	1841.00000000	0.00000000	0.00000000
3.88999677	1963.00000000	0.00000000	0.00000000
3.89999676	2209.00000000	0.00000000	0.00000000
3.90999675	2333.00000000	0.00000000	0.00000000
3.91999674	2455.00000000	0.00000000	0.00000000
3.92999673	2456.00000000	0.00000000	0.00000000
3.93999672	2701.00000000	0.00000000	0.00000000
3.94999671	2455.00000000	0.00000000	0.00000000
3.95999670	2455.00000000	0.00000000	0.00000000
3.96999669	2333.00000000	0.00000000	0.00000000
3.97999668	2209.00000000	0.00000000	0.00000000
3.98999667	1964.00000000	0.00000000	0.00000000
3.99999666	1963.00000000	0.00000000	0.00000000
4.00999689	1717.00000000	0.00000000	0.00000000
4.01999712	1595.00000000	0.00000000	0.00000000
4.02999735	1471.00000000	0.00000000	0.00000000
4.03999758	1468.00000000	0.00000000	0.00000000
4.04999781	1954.00000000	0.00000000	0.00000000
4.05999804	1104.00000000	0.00000000	0.00000000
4.06999826	1595.00000000	0.00000000	0.00000000
4.07999849	1840.00000000	0.00000000	0.00000000
4.08999872	2087.00000000	0.00000000	0.00000000
4.09999895	2086.00000000	0.00000000	0.00000000
4.10999918	2333.00000000	0.00000000	0.00000000
4.11999941	2455.00000000	0.00000000	0.00000000
4.12999964	2455.00000000	0.00000000	0.00000000
4.13999987	2579.00000000	0.00000000	0.00000000
4.15000010	2578.00000000	0.00000000	0.00000000
4.16000032	2456.00000000	0.00000000	0.00000000
4.17000055	2455.00000000	0.00000000	0.00000000
4.18000078	2209.00000000	0.00000000	0.00000000
4.19000101	2087.00000000	0.00000000	0.00000000
4.20000124	1963.00000000	0.00000000	0.00000000
4.21000147	1595.00000000	0.00000000	0.00000000
4.22000170	1594.00000000	0.00000000	0.00000000
4.23000193	1472.00000000	0.00000000	0.00000000
4.24000216	1594.00000000	0.00000000	0.00000000
4.25000238	1472.00000000	0.00000000	0.00000000
4.26000261	1594.00000000	0.00000000	0.00000000
4.27000284	1595.00000000	0.00000000	0.00000000
4.28000307	1840.00000000	0.00000000	0.00000000
4.29000330	2086.00000000	0.00000000	0.00000000
4.30000353	2210.00000000	0.00000000	0.00000000
4.31000376	2209.00000000	0.00000000	0.00000000
4.32000399	2455.00000000	0.00000000	0.00000000
4.33000422	2456.00000000	0.00000000	0.00000000
4.34000444	4051.00000000	0.00000000	0.00000000
4.35000467	2578.00000000	0.00000000	0.00000000
4.36000490	2455.00000000	0.00000000	0.00000000
4.37000513	2210.00000000	0.00000000	0.00000000
4.38000536	2086.00000000	0.00000000	0.00000000
4.39000559	2086.00000000	0.00000000	0.00000000
4.40000582	1841.00000000	0.00000000	0.00000000
4.41000605	1717.00000000	0.00000000	0.00000000
4.42000628	1595.00000000	0.00000000	0.00000000
4.43000650	1471.00000000	0.00000000	0.00000000
4.44000673	1472.00000000	0.00000000	0.00000000
4.45000696	1471.00000000	0.00000000	0.00000000
4.46000719	1594.00000000	0.00000000	0.00000000
4.47000742	1595.00000000	0.00000000	0.00000000
4.48000765	3804.00000000	0.00000000	0.00000000
4.49000788	2086.00000000	0.00000000	0.00000000
4.50000811	2209.00000000	0.00000000	0.00000000
4.51000834	2333.00000000	0.00000000	0.00000000
4.52000856	2455.00000000	0.00000000	0.00000000
4.53000879	2578.00000000	0.00000000	0.00000000
4.54000902	2579.00000000	0.00000000	0.00000000
4.55000925	2578.00000000	0.00000000	0.00000000
4.56000948	2333.00000000	0.00000000	0.00000000
4.57000971	2455.00000000	0.00000000	0.00000000
4.58000994	2210.00000000	0.00000000	0.00000000
4.59001017	2086.00000000	0.00000000	0.00000000
4.60001040	1963.00000000	0.00000000	0.00000000
4.61001062	1718.00000000	0.00000000	0.00000000
4.62001085	1595.00000000	0.00000000	0.00000000
4.63001108	1592.00000000	0.00000000	0.00000000
4.64001131	1330.00000000	0.00000000	0.00000000
4.65001154	1465.00000000	0.00000000	0.00000000
4.66001177	1226.00000000	0.00000000	0.00000000
4.67001200	1718.00000000	0.00000000	0.00000000
4.68001223	1963.00000000	0.00000000	0.00000000
4.69001245	1963.00000000	0.00000000	0.00000000
4.70001268	2210.00000000	0.00000000	0.00000000
4.71001291	2332.00000000	0.00000000	0.00000000
4.72001314	2455.00000000	0.00000000	0.00000000
4.73001337	2456.00000000	0.00000000	0.00000000
4.74001360	2455.00000000	0.00000000	0.00000000
4.75001383	2456.00000000	0.00000000	0.00000000
4.76001406	2332.00000000	0.00000000	0.00000000
4.77001429	2210.00000000	0.00000000	0.00000000
4.78001451	2086.00000000	0.00000000	0.00000000
4.79001474	1964.00000000	0.00000000	0.00000000
4.80001497	1717.00000000	0.00000000	0.00000000
4.81001520	1717.00000000	0.00000000	0.00000000
4.82001543	1472.00000000	0.00000000	0.00000000
4.83001566	1594.00000000	0.00000000	0.00000000
4.84001589	1590.00000000	0.00000000	0.00000000
4.85001612	1595.00000000	0.00000000	0.00000000
4.86001635	1594.00000000	0.00000000	0.00000000
4.87001657	1595.00000000	0.00000000	0.00000000
4.88001680	1963.00000000	0.00000000	0.00000000
4.89001703	2209.00000000	0.00000000	0.00000000
4.90001726	2332.00000000	0.00000000	0.00000000
4.91001749	2333.00000000	0.00000000	0.00000000
4.92001772	2455.00000000	0.00000000	0.00000000
4.93001795	2456.00000000	0.00000000	0.00000000
4.94001818	2578.00000000	0.00000000	0.00000000
4.95001841	2578.00000000	0.00000000	0.00000000
4.96001863	2333.00000000	0.00000000	0.00000000
4.97001886	2209.00000000	0.00000000	0.00000000
4.98001909	2087.00000000	0.00000000	0.00000000
4.99001932	1963.00000000	0.00000000	0.00000000
5.00001955	1718.00000000	0.00000000	0.00000000
5.01001978	1717.00000000	0.00000000	0.00000000
5.02002001	1594.00000000	0.00000000	0.00000000
5.03002024	2437.00000000	0.00000000	0.00000000
5.04002047	1470.00000000	0.00000000	0.00000000
5.05002069	1472.00000000	0.00000000	0.00000000
5.06002092	1717.00000000	0.00000000	0.00000000
5.07002115	1841.00000000	0.00000000	0.00000000
5.08002138	2086.00000000	0.00000000	0.00000000
5.09002161	2086.00000000	0.00000000	0.00000000
5.10002184	2210.00000000	0.00000000	0.00000000
5.11002207	2332.00000000	0.00000000	0.00000000
5.12002230	2456.00000000	0.00000000	0.00000000
5.13002253	2578.00000000	0.00000000	0.00000000
5.14002275	2455.00000000	0.00000000	0.00000000
5.15002298	2579.00000000	0.00000000	0.00000000
5.16002321	2455.00000000	0.00000000	0.00000000
5.17002344	2086.00000000	0.00000000	0.00000000
5.18002367	2086.00000000	0.00000000	0.00000000
5.19002390	1841.00000000	0.00000000	0.00000000
5.20002413	1717.00000000	0.00000000	0.00000000
5.21002436	1718.00000000	0.00000000	0.00000000
5.22002459	1590.00000000	0.00000000	0.00000000
5.23002481	1471.00000000	0.00000000	0.00000000
5.24002504	1962.00000000	0.00000000	0.00000000
5.25002527	1226.00000000	0.00000000	0.00000000
5.26002550	1718.00000000	0.00000000	0.00000000
5.27002573	1717.00000000	0.00000000	0.00000000
5.28002596	1841.00000000	0.00000000	0.00000000
5.29002619	2086.00000000	0.00000000	0.00000000
5.30002642	2209.00000000	0.00000000	0.00000000
5.31002665	2455.00000000	0.00000000	0.00000000
5.32002687	2578.00000000	0.00000000	0.00000000
5.33002710	2456.00000000	0.00000000	0.00000000
5.34002733	2455.00000000	0.00000000	0.00000000
5.35002756	2456.00000000	0.00000000	0.00000000
5.36002779	2332.00000000	0.00000000	0.00000000
5.37002802	2086.00000000	0.00000000	0.00000000
5.38002825	1964.00000000	0.00000000	0.00000000
5.39002848	1840.00000000	0.00000000	0.00000000
5.40002871	1841.00000000	0.00000000	0.00000000
5.41002893	1717.00000000	0.00000000	0.00000000
5.42002916	2081.00000000	0.00000000	0.00000000
5.43002939	2204.00000000	0.00000000	0.00000000
5.44002962	245.00000000	0.00000000	0.00000000
5.45002985	1595.00000000	0.00000000	0.00000000
5.46003008	1840.00000000	0.00000000	0.00000000
5.47003031	1841.00000000	0.00000000	0.00000000
5.48003054	2209.00000000	0.00000000	0.00000000
5.49003077	2087.00000000	0.00000000	0.00000000
5.50003099	2332.00000000	0.00000000	0.00000000
5.51003122	2455.00000000	0.00000000	0.00000000
5.52003145	2456.00000000	0.00000000	0.00000000
5.53003168	2455.00000000	0.00000000	0.00000000
5.54003191	2333.00000000	0.00000000	0.00000000
5.55003214	2578.00000000	0.00000000	0.00000000
5.56003237	2332.00000000	0.00000000	0.00000000
5.57003260	2456.00000000	0.00000000	0.00000000
5.58003283	2209.00000000	0.00000000	0.00000000
5.59003305	1963.00000000	0.00000000	0.00000000
5.60003328	1840.00000000	0.00000000	0.00000000
5.61003351	1595.00000000	0.00000000	0.00000000
5.62003374	1717.00000000	0.00000000	0.00000000
5.63003397	1472.00000000	0.00000000	0.00000000
5.64003420	1594.00000000	0.00000000	0.00000000
5.65003443	1717.00000000	0.00000000	0.00000000
5.66003466	1718.00000000	0.00000000	0.00000000
5.67003489	1840.00000000	0.00000000	0.00000000
5.68003511	1964.00000000	0.00000000	0.00000000
5.69003534	1963.00000000	0.00000000	0.00000000
5.70003557	2209.00000000	0.00000000	0.00000000
5.71003580	2332.00000000	0.00000000	0.00000000
5.72003603	2333.00000000	0.00000000	0.00000000
5.73003626	2578.00000000	0.00000000	0.00000000
5.74003649	2455.00000000	0.00000000	0.00000000
5.75003672	2333.00000000	0.00000000	0.00000000
5.76003695	2332.00000000	0.00000000	0.00000000
5.77003717	2210.00000000	0.00000000	0.00000000
5.78003740	2086.00000000	0.00000000	0.00000000
5.79003763	1840.00000000	0.00000000	0.00000000
5.80003786	1841.00000000	0.00000000	0.00000000
5.81003809	1594.00000000	0.00000000	0.00000000
5.82003832	1717.00000000	0.00000000	0.00000000
5.83003855	1472.00000000	0.00000000	0.00000000
5.84003878	1717.00000000	0.00000000	0.00000000
5.85003901	1595.00000000	0.00000000	0.00000000
5.86003923	1717.00000000	0.00000000	0.00000000
5.87003946	1841.00000000	0.00000000	0.00000000
5.88003969	2086.00000000	0.00000000	0.00000000
5.89003992	2210.00000000	0.00000000	0.00000000
5.90004015	2209.00000000	0.00000000	0.00000000
5.91004038	2455.00000000	0.00000000	0.00000000
5.92004061	2456.00000000	0.00000000	0.00000000
5.93004084	2332.00000000	0.00000000	0.00000000
5.94004107	2456.00000000	0.00000000	0.00000000
5.95004129	2332.00000000	0.00000000	0.00000000
5.96004152	2333.00000000	0.00000000	0.00000000
5.97004175	2209.00000000	0.00000000	0.00000000
5.98004198	2209.00000000	0.00000000	0.00000000
5.99004221	1841.00000000	0.00000000	0.00000000
6.00004244	1963.00000000	0.00000000	0.00000000
6.01004267	1717.00000000	0.00000000	0.00000000
6.02004290	1471.00000000	0.00000000	0.00000000
6.03004313	1349.00000000	0.00000000	0.00000000
6.04004335	1594.00000000	0.00000000	0.00000000
6.05004358	1717.00000000	0.00000000	0.00000000
6.06004381	1718.00000000	0.00000000	0.00000000
6.07004404	1840.00000000	0.00000000	0.00000000
6.08004427	1964.00000000	0.00000000	0.00000000
6.09004450	2086.00000000	0.00000000	0.00000000
6.10004473	2210.00000000	0.00000000	0.00000000
6.11004496	2332.00000000	0.00000000	0.00000000
6.12004519	2455.00000000	0.00000000	0.00000000
6.13004541	2456.00000000	0.00000000	0.00000000
6.14004564	2455.00000000	0.00000000	0.00000000
6.15004587	2333.00000000	0.00000000	0.00000000
6.16004610	2209.00000000	0.00000000	0.00000000
6.17004633	2087.00000000	0.00000000	0.00000000
6.18004656	2086.00000000	0.00000000	0.00000000
6.19004679	1841.00000000	0.00000000	0.00000000
6.20004702	1840.00000000	0.00000000	0.00000000
6.21004725	1717.00000000	0.00000000	0.00000000
6.22004747	1595.00000000	0.00000000	0.00000000
6.23004770	1717.00000000	0.00000000	0.00000000
6.24004793	1594.00000000	0.00000000	0.00000000
6.25004816	1595.00000000	0.00000000	0.00000000
6.26004839	1717.00000000	0.00000000	0.00000000
6.27004862	1841.00000000	0.00000000	0.00000000
6.28004885	2086.00000000	0.00000000	0.00000000
6.29004908	2210.00000000	0.00000000	0.00000000
6.30004930	2332.00000000	0.00000000	0.00000000
6.31004953	2578.00000000	0.00000000	0.00000000
6.32004976	2456.00000000	0.00000000	0.00000000
6.33004999	2332.00000000	0.00000000	0.00000000
6.34005022	2456.00000000	0.00000000	0.00000000
6.35005045	2332.00000000	0.00000000	0.00000000
6.36005068	2333.00000000	0.00000000	0.00000000
6.37005091	2209.00000000	0.00000000	0.00000000
6.38005114	2086.00000000	0.00000000	0.00000000
6.39005136	1964.00000000	0.00000000	0.00000000
6.40005159	1963.00000000	0.00000000	0.00000000
6.41005182	1718.00000000	0.00000000	0.00000000
6.42005205	1594.00000000	0.00000000	0.00000000
6.43005228	1595.00000000	0.00000000	0.00000000
6.44005251	1594.00000000	0.00000000	0.00000000
6.45005274	1595.00000000	0.00000000	0.00000000
6.46005297	1840.00000000	0.00000000	0.00000000
6.47005320	1840.00000000	0.00000000	0.00000000
6.48005342	2087.00000000	0.00000000	0.00000000
6.49005365	2209.00000000	0.00000000	0.00000000
6.50005388	2087.00000000	0.00000000	0.00000000
6.51005411	2332.00000000	0.00000000	0.00000000
6.52005434	2455.00000000	0.00000000	0.00000000
6.53005457	2456.00000000	0.00000000	0.00000000
6.54005480	3928.00000000	0.00000000	0.00000000
6.55005503	2455.00000000	0.00000000	0.00000000
6.56005526	2332.00000000	0.00000000	0.00000000
6.57005548	2333.00000000	0.00000000	0.00000000
6.58005571	2086.00000000	0.00000000	0.00000000
6.59005594	1964.00000000	0.00000000	0.00000000
6.60005617	1840.00000000	0.00000000	0.00000000
6.61005640	1840.00000000	0.00000000	0.00000000
6.62005663	1706.00000000	0.00000000	0.00000000
6.63005686	1594.00000000	0.00000000	0.00000000
6.64005709	1595.00000000	0.00000000	0.00000000
6.65005732	1717.00000000	0.00000000	0.00000000
6.66005754	1717.00000000	0.00000000	0.00000000
6.67005777	1841.00000000	0.00000000	0.00000000
6.68005800	1840.00000000	0.00000000	0.00000000
6.69005823	2209.00000000	0.00000000	0.00000000
6.70005846	2209.00000000	0.00000000	0.00000000
6.71005869	2333.00000000	0.00000000	0.00000000
6.72005892	2455.00000000	0.00000000	0.00000000
6.73005915	2332.00000000	0.00000000	0.00000000
6.74005938	2456.00000000	0.00000000	0.00000000
6.75005960	2455.00000000	0.00000000	0.00000000
6.76005983	2333.00000000	0.00000000	0.00000000
6.77006006	2332.00000000	0.00000000	0.00000000
6.78006029	2455.00000000	0.00000000	0.00000000
6.79006052	2456.00000000	0.00000000	0.00000000
6.80006075	2332.00000000	0.00000000	0.00000000
6.81006098	4297.00000000	0.00000000	0.00000000
6.82006121	2333.00000000	0.00000000	0.00000000
6.83006144	2209.00000000	0.00000000	0.00000000
6.84006166	2332.00000000	0.00000000	0.00000000
6.85006189	2333.00000000	0.00000000	0.00000000
6.86006212	2332.00000000	0.00000000	0.00000000
6.87006235	2332.00000000	0.00000000	0.00000000
6.88006258	2210.00000000	0.00000000	0.00000000
6.89006281	2209.00000000	0.00000000	0.00000000
6.90006304	2333.00000000	0.00000000	0.00000000
6.91006327	2209.00000000	0.00000000	0.00000000
6.92006350	2332.00000000	0.00000000	0.00000000
6.93006372	2210.00000000	0.00000000	0.00000000
6.94006395	2332.00000000	0.00000000	0.00000000
6.95006418	2332.00000000	0.00000000	0.00000000
6.96006441	2209.00000000	0.00000000	0.00000000
6.97006464	2087.00000000	0.00000000	0.00000000
6.98006487	2209.00000000	0.00000000	0.00000000
6.99006510	2210.00000000	0.00000000	0.00000000
7.00006533	2086.00000000	0.00000000	0.00000000
