Position	Counts A	Counts B	Counts AB
0.01000000	731.00000000	0.00000000	0.00000000
0.02000000	1471.00000000	0.00000000	0.00000000
0.03000000	1716.00000000	0.00000000	0.00000000
0.04000000	2196.00000000	0.00000000	0.00000000
0.05000000	1216.00000000	0.00000000	0.00000000
0.05999999	1454.00000000	0.00000000	0.00000000
0.06999999	1179.00000000	0.00000000	0.00000000
0.07999999	1568.00000000	0.00000000	0.00000000
0.08999999	1314.00000000	0.00000000	0.00000000
0.09999999	1321.00000000	0.00000000	0.00000000
0.10999998	1223.00000000	0.00000000	0.00000000
0.11999998	976.00000000	0.00000000	0.00000000
0.12999998	1211.00000000	0.00000000	0.00000000
0.13999999	1717.00000000	0.00000000	0.00000000
0.14999999	1595.00000000	0.00000000	0.00000000
0.16000000	1717.00000000	0.00000000	0.00000000
0.17000000	1840.00000000	0.00000000	0.00000000
0.18000001	1963.00000000	0.00000000	0.00000000
0.19000001	1841.00000000	0.00000000	0.00000000
0.20000002	1840.00000000	0.00000000	0.00000000
0.21000002	1718.00000000	0.00000000	0.00000000
0.22000003	1717.00000000	0.00000000	0.00000000
0.23000003	1595.00000000	0.00000000	0.00000000
0.24000004	1594.00000000	0.00000000	0.00000000
0.25000003	2051.00000000	0.00000000	0.00000000
0.26000002	1078.00000000	0.00000000	0.00000000
0.27000001	1924.00000000	0.00000000	0.00000000
0.28000000	1549.00000000	0.00000000	0.00000000
0.28999999	1159.00000000	0.00000000	0.00000000
0.29999998	1562.00000000	0.00000000	0.00000000
0.30999997	1318.00000000	0.00000000	0.00000000
0.31999996	1334.00000000	0.00000000	0.00000000
0.32999995	1595.00000000	0.00000000	0.00000000
0.33999994	1594.00000000	0.00000000	0.00000000
0.34999993	1840.00000000	0.00000000	0.00000000
0.35999992	1718.00000000	0.00000000	0.00000000
0.36999992	1963.00000000	0.00000000	0.00000000
0.37999991	1841.00000000	0.00000000	0.00000000
0.38999990	1963.00000000	0.00000000	0.00000000
0.39999989	1718.00000000	0.00000000	0.00000000
0.40999988	1840.00000000	0.00000000	0.00000000
0.41999987	3189.00000000	0.00000000	0.00000000
0.42999986	1449.00000000	0.00000000	0.00000000
0.43999985	1573.00000000	0.00000000	0.00000000
0.44999984	1451.00000000	0.00000000	0.00000000
0.45999983	1329.00000000	0.00000000	0.00000000
0.46999982	1530.00000000	0.00000000	0.00000000
0.47999981	1460.00000000	0.00000000	0.00000000
0.48999980	1307.00000000	0.00000000	0.00000000
0.49999979	485.00000000	0.00000000	0.00000000
0.50999981	1594.00000000	0.00000000	0.00000000
0.51999980	1472.00000000	0.00000000	0.00000000
0.52999979	1594.00000000	0.00000000	0.00000000
0.53999978	1718.00000000	0.00000000	0.00000000
0.54999977	3557.00000000	0.00000000	0.00000000
0.55999976	1841.00000000	0.00000000	0.00000000
0.56999975	1840.00000000	0.00000000	0.00000000
0.57999974	1841.00000000	0.00000000	0.00000000
0.58999974	1963.00000000	0.00000000	0.00000000
0.59999973	1840.00000000	0.00000000	0.00000000
0.60999972	1717.00000000	0.00000000	0.00000000
0.61999971	1594.00000000	0.00000000	0.00000000
0.62999970	2572.00000000	0.00000000	0.00000000
0.63999969	1564.00000000	0.00000000	0.00000000
0.64999968	1275.00000000	0.00000000	0.00000000
0.65999967	1432.00000000	0.00000000	0.00000000
0.66999966	1305.00000000	0.00000000	0.00000000
0.67999965	1456.00000000	0.00000000	0.00000000
0.68999964	1222.00000000	0.00000000	0.00000000
0.69999963	857.00000000	0.00000000	0.00000000
0.70999962	1584.00000000	0.00000000	0.00000000
0.71999961	1595.00000000	0.00000000	0.00000000
0.72999960	1717.00000000	0.00000000	0.00000000
0.73999959	1594.00000000	0.00000000	0.00000000
0.74999958	1718.00000000	0.00000000	0.00000000
0.75999957	1963.00000000	0.00000000	0.00000000
0.76999956	1841.00000000	0.00000000	0.00000000
0.77999955	1840.00000000	0.00000000	0.00000000
0.78999954	1718.00000000	0.00000000	0.00000000
0.79999954	1594.00000000	0.00000000	0.00000000
0.80999953	1595.00000000	0.00000000	0.00000000
0.81999952	1707.00000000	0.00000000	0.00000000
0.82999951	1335.00000000	0.00000000	0.00000000
0.83999950	1333.00000000	0.00000000	0.00000000
0.84999949	1278.00000000	0.00000000	0.00000000
0.85999948	1312.00000000	0.00000000	0.00000000
0.86999947	1416.00000000	0.00000000	0.00000000
0.87999946	1442.00000000	0.00000000	0.00000000
0.88999945	846.00000000	0.00000000	0.00000000
0.89999944	2328.00000000	0.00000000	0.00000000
0.90999943	1717.00000000	0.00000000	0.00000000
0.91999942	1594.00000000	0.00000000	0.00000000
0.92999941	1595.00000000	0.00000000	0.00000000
0.93999940	1717.00000000	0.00000000	0.00000000
0.94999939	1841.00000000	0.00000000	0.00000000
0.95999938	1963.00000000	0.00000000	0.00000000
0.96999937	1840.00000000	0.00000000	0.00000000
0.97999936	1841.00000000	0.00000000	0.00000000
0.98999935	1840.00000000	0.00000000	0.00000000
0.99999934	1717.00000000	0.00000000	0.00000000
1.00999939	2084.00000000	0.00000000	0.00000000
1.01999938	981.00000000	0.00000000	0.00000000
1.02999938	1336.00000000	0.00000000	0.00000000
1.03999937	1438.00000000	0.00000000	0.00000000
1.04999936	1288.00000000	0.00000000	0.00000000
1.05999935	1439.00000000	0.00000000	0.00000000
1.06999934	1339.00000000	0.00000000	0.00000000
1.07999933	1222.00000000	0.00000000	0.00000000
1.08999932	1349.00000000	0.00000000	0.00000000
1.09999931	1594.00000000	0.00000000	0.00000000
1.10999930	1717.00000000	0.00000000	0.00000000
1.11999929	1718.00000000	0.00000000	0.00000000
1.12999928	1840.00000000	0.00000000	0.00000000
1.13999927	1963.00000000	0.00000000	0.00000000
1.14999926	3681.00000000	0.00000000	0.00000000
1.15999925	1718.00000000	0.00000000	0.00000000
1.16999924	1840.00000000	0.00000000	0.00000000
1.17999923	1595.00000000	0.00000000	0.00000000
1.18999922	1717.00000000	0.00000000	0.00000000
1.19999921	2075.00000000	0.00000000	0.00000000
1.20999920	1587.00000000	0.00000000	0.00000000
1.21999919	1191.00000000	0.00000000	0.00000000
1.22999918	1665.00000000	0.00000000	0.00000000
1.23999918	1292.00000000	0.00000000	0.00000000
1.24999917	1322.00000000	0.00000000	0.00000000
1.25999916	1168.00000000	0.00000000	0.00000000
1.26999915	1839.00000000	0.00000000	0.00000000
1.27999914	1594.00000000	0.00000000	0.00000000
1.28999913	1594.00000000	0.00000000	0.00000000
1.29999912	1595.00000000	0.00000000	0.00000000
1.30999911	1840.00000000	0.00000000	0.00000000
1.31999910	1717.00000000	0.00000000	0.00000000
1.32999909	1841.00000000	0.00000000	0.00000000
1.33999908	1840.00000000	0.00000000	0.00000000
1.34999907	1841.00000000	0.00000000	0.00000000
1.35999906	1840.00000000	0.00000000	0.00000000
1.36999905	1717.00000000	0.00000000	0.00000000
1.37999904	1718.00000000	0.00000000	0.00000000
1.38999903	1592.00000000	0.00000000	0.00000000
1.39999902	1446.00000000	0.00000000	0.00000000
1.40999901	1320.00000000	0.00000000	0.00000000
1.41999900	1450.00000000	0.00000000	0.00000000
1.42999899	1536.00000000	0.00000000	0.00000000
1.43999898	1184.00000000	0.00000000	0.00000000
1.44999897	1186.00000000	0.00000000	0.00000000
1.45999897	719.00000000	0.00000000	0.00000000
1.46999896	2197.00000000	0.00000000	0.00000000
1.47999895	1582.00000000	0.00000000	0.00000000
1.48999894	735.00000000	0.00000000	0.00000000
1.49999893	1595.00000000	0.00000000	0.00000000
1.50999892	1718.00000000	0.00000000	0.00000000
1.51999891	1840.00000000	0.00000000	0.00000000
1.52999890	1840.00000000	0.00000000	0.00000000
1.53999889	1841.00000000	0.00000000	0.00000000
1.54999888	1963.00000000	0.00000000	0.00000000
1.55999887	1718.00000000	0.00000000	0.00000000
1.56999886	1594.00000000	0.00000000	0.00000000
1.57999885	1595.00000000	0.00000000	0.00000000
1.58999884	2188.00000000	0.00000000	0.00000000
1.59999883	1336.00000000	0.00000000	0.00000000
1.60999882	1452.00000000	0.00000000	0.00000000
1.61999881	1441.00000000	0.00000000	0.00000000
1.62999880	1273.00000000	0.00000000	0.00000000
1.63999879	1411.00000000	0.00000000	0.00000000
1.64999878	1451.00000000	0.00000000	0.00000000
1.65999877	1226.00000000	0.00000000	0.00000000
1.66999876	1593.00000000	0.00000000	0.00000000
1.67999876	1595.00000000	0.00000000	0.00000000
1.68999875	1717.00000000	0.00000000	0.00000000
1.69999874	1718.00000000	0.00000000	0.00000000
1.70999873	1840.00000000	0.00000000	0.00000000
1.71999872	1841.00000000	0.00000000	0.00000000
1.72999871	1840.00000000	0.00000000	0.00000000
1.73999870	1840.00000000	0.00000000	0.00000000
1.74999869	2204.00000000	0.00000000	0.00000000
1.75999868	1718.00000000	0.00000000	0.00000000
1.76999867	1588.00000000	0.00000000	0.00000000
1.77999866	1469.00000000	0.00000000	0.00000000
1.78999865	1696.00000000	0.00000000	0.00000000
1.79999864	1652.00000000	0.00000000	0.00000000
1.80999863	1421.00000000	0.00000000	0.00000000
1.81999862	1165.00000000	0.00000000	0.00000000
1.82999861	1565.00000000	0.00000000	0.00000000
1.83999860	1064.00000000	0.00000000	0.00000000
1.84999859	1336.00000000	0.00000000	0.00000000
1.85999858	736.00000000	0.00000000	0.00000000
1.86999857	1594.00000000	0.00000000	0.00000000
1.87999856	1718.00000000	0.00000000	0.00000000
1.88999856	1717.00000000	0.00000000	0.00000000
1.89999855	1841.00000000	0.00000000	0.00000000
1.90999854	1963.00000000	0.00000000	0.00000000
1.91999853	1840.00000000	0.00000000	0.00000000
1.92999852	1718.00000000	0.00000000	0.00000000
1.93999851	1840.00000000	0.00000000	0.00000000
1.94999850	1718.00000000	0.00000000	0.00000000
1.95999849	1715.00000000	0.00000000	0.00000000
1.96999848	1594.00000000	0.00000000	0.00000000
1.97999847	2566.00000000	0.00000000	0.00000000
1.98999846	1427.00000000	0.00000000	0.00000000
1.99999845	1431.00000000	0.00000000	0.00000000
2.00999856	1197.00000000	0.00000000	0.00000000
2.01999855	1175.00000000	0.00000000	0.00000000
2.02999854	965.00000000	0.00000000	0.00000000
2.03999853	1470.00000000	0.00000000	0.00000000
2.04999852	859.00000000	0.00000000	0.00000000
2.05999851	1594.00000000	0.00000000	0.00000000
2.06999850	1718.00000000	0.00000000	0.00000000
2.07999849	1717.00000000	0.00000000	0.00000000
2.08999848	1840.00000000	0.00000000	0.00000000
2.09999847	1841.00000000	0.00000000	0.00000000
2.10999846	1963.00000000	0.00000000	0.00000000
2.11999846	3190.00000000	0.00000000	0.00000000
2.12999845	1840.00000000	0.00000000	0.00000000
2.13999844	1595.00000000	0.00000000	0.00000000
2.14999843	1593.00000000	0.00000000	0.00000000
2.15999842	2074.00000000	0.00000000	0.00000000
2.16999841	857.00000000	0.00000000	0.00000000
2.17999840	1060.00000000	0.00000000	0.00000000
2.18999839	1550.00000000	0.00000000	0.00000000
2.19999838	927.00000000	0.00000000	0.00000000
2.20999837	1306.00000000	0.00000000	0.00000000
2.21999836	1320.00000000	0.00000000	0.00000000
2.22999835	1691.00000000	0.00000000	0.00000000
2.23999834	1471.00000000	0.00000000	0.00000000
2.24999833	1718.00000000	0.00000000	0.00000000
2.25999832	1717.00000000	0.00000000	0.00000000
2.26999831	1717.00000000	0.00000000	0.00000000
2.27999830	1841.00000000	0.00000000	0.00000000
2.28999829	1840.00000000	0.00000000	0.00000000
2.29999828	1963.00000000	0.00000000	0.00000000
2.30999827	1841.00000000	0.00000000	0.00000000
2.31999826	1717.00000000	0.00000000	0.00000000
2.32999825	1718.00000000	0.00000000	0.00000000
2.33999825	1717.00000000	0.00000000	0.00000000
2.34999824	2936.00000000	0.00000000	0.00000000
2.35999823	1304.00000000	0.00000000	0.00000000
2.36999822	1323.00000000	0.00000000	0.00000000
2.37999821	1414.00000000	0.00000000	0.00000000
2.38999820	1292.00000000	0.00000000	0.00000000
2.39999819	1186.00000000	0.00000000	0.00000000
2.40999818	726.00000000	0.00000000	0.00000000
2.41999817	1811.00000000	0.00000000	0.00000000
2.42999816	1104.00000000	0.00000000	0.00000000
2.43999815	1472.00000000	0.00000000	0.00000000
2.44999814	1594.00000000	0.00000000	0.00000000
2.45999813	1840.00000000	0.00000000	0.00000000
2.46999812	1963.00000000	0.00000000	0.00000000
2.47999811	1841.00000000	0.00000000	0.00000000
2.48999810	1840.00000000	0.00000000	0.00000000
2.49999809	1718.00000000	0.00000000	0.00000000
2.50999808	1840.00000000	0.00000000	0.00000000
2.51999807	1594.00000000	0.00000000	0.00000000
2.52999806	1718.00000000	0.00000000	0.00000000
2.53999805	1471.00000000	0.00000000	0.00000000
2.54999804	1460.00000000	0.00000000	0.00000000
2.55999804	2424.00000000	0.00000000	0.00000000
2.56999803	1183.00000000	0.00000000	0.00000000
2.57999802	1281.00000000	0.00000000	0.00000000
2.58999801	1296.00000000	0.00000000	0.00000000
2.59999800	1184.00000000	0.00000000	0.00000000
2.60999799	1558.00000000	0.00000000	0.00000000
2.61999798	1349.00000000	0.00000000	0.00000000
2.62999797	1594.00000000	0.00000000	0.00000000
2.63999796	1594.00000000	0.00000000	0.00000000
2.64999795	1718.00000000	0.00000000	0.00000000
2.65999794	1840.00000000	0.00000000	0.00000000
2.66999793	1841.00000000	0.00000000	0.00000000
2.67999792	1840.00000000	0.00000000	0.00000000
2.68999791	1840.00000000	0.00000000	0.00000000
2.69999790	1841.00000000	0.00000000	0.00000000
2.70999789	1717.00000000	0.00000000	0.00000000
2.71999788	1717.00000000	0.00000000	0.00000000
2.72999787	1472.00000000	0.00000000	0.00000000
2.73999786	1708.00000000	0.00000000	0.00000000
2.74999785	1334.00000000	0.00000000	0.00000000
2.75999784	1559.00000000	0.00000000	0.00000000
2.76999784	1312.00000000	0.00000000	0.00000000
2.77999783	1569.00000000	0.00000000	0.00000000
2.78999782	819.00000000	0.00000000	0.00000000
2.79999781	1918.00000000	0.00000000	0.00000000
2.80999780	594.00000000	0.00000000	0.00000000
2.81999779	1471.00000000	0.00000000	0.00000000
2.82999778	1594.00000000	0.00000000	0.00000000
2.83999777	1718.00000000	0.00000000	0.00000000
2.84999776	1963.00000000	0.00000000	0.00000000
2.85999775	1841.00000000	0.00000000	0.00000000
2.86999774	1840.00000000	0.00000000	0.00000000
2.87999773	1964.00000000	0.00000000	0.00000000
2.88999772	1717.00000000	0.00000000	0.00000000
2.89999771	1718.00000000	0.00000000	0.00000000
2.90999770	1717.00000000	0.00000000	0.00000000
2.91999769	1817.00000000	0.00000000	0.00000000
2.92999768	1580.00000000	0.00000000	0.00000000
2.93999767	1510.00000000	0.00000000	0.00000000
2.94999766	1439.00000000	0.00000000	0.00000000
2.95999765	1306.00000000	0.00000000	0.00000000
2.96999764	1279.00000000	0.00000000	0.00000000
2.97999763	1431.00000000	0.00000000	0.00000000
2.98999763	1451.00000000	0.00000000	0.00000000
2.99999762	1344.00000000	0.00000000	0.00000000
3.00999761	1594.00000000	0.00000000	0.00000000
3.01999760	1595.00000000	0.00000000	0.00000000
3.02999759	1717.00000000	0.00000000	0.00000000
3.03999758	1718.00000000	0.00000000	0.00000000
3.04999757	1840.00000000	0.00000000	0.00000000
3.05999756	1840.00000000	0.00000000	0.00000000
3.06999755	1964.00000000	0.00000000	0.00000000
3.07999754	1717.00000000	0.00000000	0.00000000
3.08999753	1718.00000000	0.00000000	0.00000000
3.09999752	1717.00000000	0.00000000	0.00000000
3.10999751	1595.00000000	0.00000000	0.00000000
3.11999750	1471.00000000	0.00000000	0.00000000
3.12999749	1714.00000000	0.00000000	0.00000000
3.13999748	1051.00000000	0.00000000	0.00000000
3.14999747	1307.00000000	0.00000000	0.00000000
3.15999746	932.00000000	0.00000000	0.00000000
3.16999745	1788.00000000	0.00000000	0.00000000
3.17999744	965.00000000	0.00000000	0.00000000
3.18999743	484.00000000	0.00000000	0.00000000
3.19999743	1585.00000000	0.00000000	0.00000000
3.20999742	1472.00000000	0.00000000	0.00000000
3.21999741	1594.00000000	0.00000000	0.00000000
3.22999740	1717.00000000	0.00000000	0.00000000
3.23999739	1840.00000000	0.00000000	0.00000000
3.24999738	1841.00000000	0.00000000	0.00000000
3.25999737	1963.00000000	0.00000000	0.00000000
3.26999736	1840.00000000	0.00000000	0.00000000
3.27999735	1718.00000000	0.00000000	0.00000000
3.28999734	1717.00000000	0.00000000	0.00000000
3.29999733	2084.00000000	0.00000000	0.00000000
3.30999732	981.00000000	0.00000000	0.00000000
3.31999731	2329.00000000	0.00000000	0.00000000
3.32999730	1319.00000000	0.00000000	0.00000000
3.33999729	1554.00000000	0.00000000	0.00000000
3.34999728	1552.00000000	0.00000000	0.00000000
3.35999727	1299.00000000	0.00000000	0.00000000
3.36999726	1343.00000000	0.00000000	0.00000000
3.37999725	1337.00000000	0.00000000	0.00000000
3.38999724	1594.00000000	0.00000000	0.00000000
3.39999723	1717.00000000	0.00000000	0.00000000
3.40999722	1717.00000000	0.00000000	0.00000000
3.41999722	1718.00000000	0.00000000	0.00000000
3.42999721	1717.00000000	0.00000000	0.00000000
3.43999720	1963.00000000	0.00000000	0.00000000
3.44999719	1841.00000000	0.00000000	0.00000000
3.45999718	1963.00000000	0.00000000	0.00000000
3.46999717	1841.00000000	0.00000000	0.00000000
3.47999716	1717.00000000	0.00000000	0.00000000
3.48999715	1718.00000000	0.00000000	0.00000000
3.49999714	1472.00000000	0.00000000	0.00000000
3.50999713	1465.00000000	0.00000000	0.00000000
3.51999712	1906.00000000	0.00000000	0.00000000
3.52999711	1540.00000000	0.00000000	0.00000000
3.53999710	1194.00000000	0.00000000	0.00000000
3.54999709	1430.00000000	0.00000000	0.00000000
3.55999708	1310.00000000	0.00000000	0.00000000
3.56999707	1212.00000000	0.00000000	0.00000000
3.57999706	597.00000000	0.00000000	0.00000000
3.58999705	1472.00000000	0.00000000	0.00000000
3.59999704	1718.00000000	0.00000000	0.00000000
3.60999703	1717.00000000	0.00000000	0.00000000
3.61999702	1841.00000000	0.00000000	0.00000000
3.62999701	1840.00000000	0.00000000	0.00000000
3.63999701	1963.00000000	0.00000000	0.00000000
3.64999700	1841.00000000	0.00000000	0.00000000
3.65999699	1840.00000000	0.00000000	0.00000000
3.66999698	1718.00000000	0.00000000	0.00000000
3.67999697	1717.00000000	0.00000000	0.00000000
3.68999696	1594.00000000	0.00000000	0.00000000
3.69999695	2320.00000000	0.00000000	0.00000000
3.70999694	1797.00000000	0.00000000	0.00000000
3.71999693	1310.00000000	0.00000000	0.00000000
3.72999692	1420.00000000	0.00000000	0.00000000
3.73999691	1303.00000000	0.00000000	0.00000000
3.74999690	1064.00000000	0.00000000	0.00000000
3.75999689	1341.00000000	0.00000000	0.00000000
3.76999688	1471.00000000	0.00000000	0.00000000
3.77999687	858.00000000	0.00000000	0.00000000
3.78999686	1595.00000000	0.00000000	0.00000000
3.79999685	1594.00000000	0.00000000	0.00000000
3.80999684	3435.00000000	0.00000000	0.00000000
3.81999683	1963.00000000	0.00000000	0.00000000
3.82999682	1964.00000000	0.00000000	0.00000000
3.83999681	1840.00000000	0.00000000	0.00000000
3.84999681	1841.00000000	0.00000000	0.00000000
3.85999680	1963.00000000	0.00000000	0.00000000
3.86999679	2818.00000000	0.00000000	0.00000000
3.87999678	1835.00000000	0.00000000	0.00000000
3.88999677	1462.00000000	0.00000000	0.00000000
3.89999676	1441.00000000	0.00000000	0.00000000
3.90999675	1164.00000000	0.00000000	0.00000000
3.91999674	1308.00000000	0.00000000	0.00000000
3.92999673	1282.00000000	0.00000000	0.00000000
3.93999672	1277.00000000	0.00000000	0.00000000
3.94999671	1080.00000000	0.00000000	0.00000000
3.95999670	2077.00000000	0.00000000	0.00000000
3.96999669	1594.00000000	0.00000000	0.00000000
3.97999668	1472.00000000	0.00000000	0.00000000
3.98999667	1709.00000000	0.00000000	0.00000000
3.99999666	1840.00000000	0.00000000	0.00000000
4.00999689	1718.00000000	0.00000000	0.00000000
4.01999712	1963.00000000	0.00000000	0.00000000
4.02999735	1840.00000000	0.00000000	0.00000000
4.03999758	1841.00000000	0.00000000	0.00000000
4.04999781	1840.00000000	0.00000000	0.00000000
4.05999804	1718.00000000	0.00000000	0.00000000
4.06999826	1717.00000000	0.00000000	0.00000000
4.07999849	1594.00000000	0.00000000	0.00000000
4.08999872	1328.00000000	0.00000000	0.00000000
4.09999895	1673.00000000	0.00000000	0.00000000
4.10999918	1189.00000000	0.00000000	0.00000000
4.11999941	1416.00000000	0.00000000	0.00000000
4.12999964	1158.00000000	0.00000000	0.00000000
4.13999987	482.00000000	0.00000000	0.00000000
4.15000010	1467.00000000	0.00000000	0.00000000
4.16000032	605.00000000	0.00000000	0.00000000
4.17000055	1349.00000000	0.00000000	0.00000000
4.18000078	1595.00000000	0.00000000	0.00000000
4.19000101	1718.00000000	0.00000000	0.00000000
4.20000124	1963.00000000	0.00000000	0.00000000
4.21000147	1718.00000000	0.00000000	0.00000000
4.22000170	1840.00000000	0.00000000	0.00000000
4.23000193	1840.00000000	0.00000000	0.00000000
4.24000216	1841.00000000	0.00000000	0.00000000
4.25000238	1717.00000000	0.00000000	0.00000000
4.26000261	1717.00000000	0.00000000	0.00000000
4.27000284	1469.00000000	0.00000000	0.00000000
4.28000307	2199.00000000	0.00000000	0.00000000
4.29000330	1821.00000000	0.00000000	0.00000000
4.30000353	1262.00000000	0.00000000	0.00000000
4.31000376	1151.00000000	0.00000000	0.00000000
4.32000399	1443.00000000	0.00000000	0.00000000
4.33000422	1058.00000000	0.00000000	0.00000000
4.34000444	1465.00000000	0.00000000	0.00000000
4.35000467	1581.00000000	0.00000000	0.00000000
4.36000490	1098.00000000	0.00000000	0.00000000
4.37000513	736.00000000	0.00000000	0.00000000
4.38000536	1718.00000000	0.00000000	0.00000000
4.39000559	1717.00000000	0.00000000	0.00000000
4.40000582	1840.00000000	0.00000000	0.00000000
4.41000605	1841.00000000	0.00000000	0.00000000
4.42000628	1840.00000000	0.00000000	0.00000000
4.43000650	1717.00000000	0.00000000	0.00000000
4.44000673	1840.00000000	0.00000000	0.00000000
4.45000696	1595.00000000	0.00000000	0.00000000
4.46000719	1594.00000000	0.00000000	0.00000000
4.47000742	1707.00000000	0.00000000	0.00000000
4.48000765	1701.00000000	0.00000000	0.00000000
4.49000788	1535.00000000	0.00000000	0.00000000
4.50000811	1303.00000000	0.00000000	0.00000000
4.51000834	1185.00000000	0.00000000	0.00000000
4.52000856	1433.00000000	0.00000000	0.00000000
4.53000879	364.00000000	0.00000000	0.00000000
4.54000902	1349.00000000	0.00000000	0.00000000
4.55000925	1471.00000000	0.00000000	0.00000000
4.56000948	1594.00000000	0.00000000	0.00000000
4.57000971	1717.00000000	0.00000000	0.00000000
4.58000994	1841.00000000	0.00000000	0.00000000
4.59001017	1840.00000000	0.00000000	0.00000000
4.60001040	1963.00000000	0.00000000	0.00000000
4.61001062	1841.00000000	0.00000000	0.00000000
4.62001085	1963.00000000	0.00000000	0.00000000
4.63001108	1717.00000000	0.00000000	0.00000000
4.64001131	1594.00000000	0.00000000	0.00000000
4.65001154	1595.00000000	0.00000000	0.00000000
4.66001177	1451.00000000	0.00000000	0.00000000
4.67001200	1829.00000000	0.00000000	0.00000000
4.68001223	1422.00000000	0.00000000	0.00000000
4.69001245	1395.00000000	0.00000000	0.00000000
4.70001268	1413.00000000	0.00000000	0.00000000
4.71001291	973.00000000	0.00000000	0.00000000
4.72001314	955.00000000	0.00000000	0.00000000
4.73001337	980.00000000	0.00000000	0.00000000
4.74001360	1717.00000000	0.00000000	0.00000000
4.75001383	1718.00000000	0.00000000	0.00000000
4.76001406	1717.00000000	0.00000000	0.00000000
4.77001429	1841.00000000	0.00000000	0.00000000
4.78001451	1840.00000000	0.00000000	0.00000000
4.79001474	1964.00000000	0.00000000	0.00000000
4.80001497	1840.00000000	0.00000000	0.00000000
4.81001520	1717.00000000	0.00000000	0.00000000
4.82001543	1718.00000000	0.00000000	0.00000000
4.83001566	2319.00000000	0.00000000	0.00000000
4.84001589	859.00000000	0.00000000	0.00000000
4.85001612	2926.00000000	0.00000000	0.00000000
4.86001635	1211.00000000	0.00000000	0.00000000
4.87001657	1553.00000000	0.00000000	0.00000000
4.88001680	1445.00000000	0.00000000	0.00000000
4.89001703	1066.00000000	0.00000000	0.00000000
4.90001726	1064.00000000	0.00000000	0.00000000
4.91001749	1715.00000000	0.00000000	0.00000000
4.92001772	854.00000000	0.00000000	0.00000000
4.93001795	1347.00000000	0.00000000	0.00000000
4.94001818	1594.00000000	0.00000000	0.00000000
4.95001841	1717.00000000	0.00000000	0.00000000
4.96001863	1718.00000000	0.00000000	0.00000000
4.97001886	1841.00000000	0.00000000	0.00000000
4.98001909	1840.00000000	0.00000000	0.00000000
4.99001932	1963.00000000	0.00000000	0.00000000
5.00001955	1718.00000000	0.00000000	0.00000000
5.01001978	1840.00000000	0.00000000	0.00000000
5.02002001	1595.00000000	0.00000000	0.00000000
5.03002024	1594.00000000	0.00000000	0.00000000
5.04002047	1462.00000000	0.00000000	0.00000000
5.05002069	2249.00000000	0.00000000	0.00000000
5.06002092	1313.00000000	0.00000000	0.00000000
5.07002115	1295.00000000	0.00000000	0.00000000
5.08002138	1068.00000000	0.00000000	0.00000000
5.09002161	1323.00000000	0.00000000	0.00000000
5.10002184	1317.00000000	0.00000000	0.00000000
5.11002207	1463.00000000	0.00000000	0.00000000
5.12002230	1472.00000000	0.00000000	0.00000000
5.13002253	1595.00000000	0.00000000	0.00000000
5.14002275	1840.00000000	0.00000000	0.00000000
5.15002298	1840.00000000	0.00000000	0.00000000
5.16002321	1841.00000000	0.00000000	0.00000000
5.17002344	1840.00000000	0.00000000	0.00000000
5.18002367	1840.00000000	0.00000000	0.00000000
5.19002390	1964.00000000	0.00000000	0.00000000
5.20002413	1840.00000000	0.00000000	0.00000000
5.21002436	1841.00000000	0.00000000	0.00000000
5.22002459	2451.00000000	0.00000000	0.00000000
5.23002481	614.00000000	0.00000000	0.00000000
5.24002504	1348.00000000	0.00000000	0.00000000
5.25002527	1434.00000000	0.00000000	0.00000000
5.26002550	1198.00000000	0.00000000	0.00000000
5.27002573	1537.00000000	0.00000000	0.00000000
5.28002596	1182.00000000	0.00000000	0.00000000
5.29002619	1573.00000000	0.00000000	0.00000000
5.30002642	1569.00000000	0.00000000	0.00000000
5.31002665	736.00000000	0.00000000	0.00000000
5.32002687	1594.00000000	0.00000000	0.00000000
5.33002710	1595.00000000	0.00000000	0.00000000
5.34002733	1594.00000000	0.00000000	0.00000000
5.35002756	1841.00000000	0.00000000	0.00000000
5.36002779	1840.00000000	0.00000000	0.00000000
5.37002802	3804.00000000	0.00000000	0.00000000
5.38002825	1840.00000000	0.00000000	0.00000000
5.39002848	1840.00000000	0.00000000	0.00000000
5.40002871	1841.00000000	0.00000000	0.00000000
5.41002893	1840.00000000	0.00000000	0.00000000
5.42002916	1595.00000000	0.00000000	0.00000000
5.43002939	1835.00000000	0.00000000	0.00000000
5.44002962	1349.00000000	0.00000000	0.00000000
5.45002985	2311.00000000	0.00000000	0.00000000
5.46003008	1289.00000000	0.00000000	0.00000000
5.47003031	1389.00000000	0.00000000	0.00000000
5.48003054	1284.00000000	0.00000000	0.00000000
5.49003077	1047.00000000	0.00000000	0.00000000
5.50003099	1312.00000000	0.00000000	0.00000000
5.51003122	1451.00000000	0.00000000	0.00000000
5.52003145	1469.00000000	0.00000000	0.00000000
5.53003168	1595.00000000	0.00000000	0.00000000
5.54003191	1717.00000000	0.00000000	0.00000000
5.55003214	1840.00000000	0.00000000	0.00000000
5.56003237	1841.00000000	0.00000000	0.00000000
5.57003260	1963.00000000	0.00000000	0.00000000
5.58003283	1963.00000000	0.00000000	0.00000000
5.59003305	1841.00000000	0.00000000	0.00000000
5.60003328	1840.00000000	0.00000000	0.00000000
5.61003351	1718.00000000	0.00000000	0.00000000
5.62003374	2818.00000000	0.00000000	0.00000000
5.63003397	1196.00000000	0.00000000	0.00000000
5.64003420	1322.00000000	0.00000000	0.00000000
5.65003443	1390.00000000	0.00000000	0.00000000
5.66003466	1164.00000000	0.00000000	0.00000000
5.67003489	1337.00000000	0.00000000	0.00000000
5.68003511	1336.00000000	0.00000000	0.00000000
5.69003534	1346.00000000	0.00000000	0.00000000
5.70003557	1595.00000000	0.00000000	0.00000000
5.71003580	1717.00000000	0.00000000	0.00000000
5.72003603	1718.00000000	0.00000000	0.00000000
5.73003626	1840.00000000	0.00000000	0.00000000
5.74003649	1840.00000000	0.00000000	0.00000000
5.75003672	1841.00000000	0.00000000	0.00000000
5.76003695	1840.00000000	0.00000000	0.00000000
5.77003717	1840.00000000	0.00000000	0.00000000
5.78003740	1717.00000000	0.00000000	0.00000000
5.79003763	1841.00000000	0.00000000	0.00000000
5.80003786	1717.00000000	0.00000000	0.00000000
5.81003809	1594.00000000	0.00000000	0.00000000
5.82003832	1330.00000000	0.00000000	0.00000000
5.83003855	1921.00000000	0.00000000	0.00000000
5.84003878	1306.00000000	0.00000000	0.00000000
5.85003901	1414.00000000	0.00000000	0.00000000
5.86003923	1033.00000000	0.00000000	0.00000000
5.87003946	1196.00000000	0.00000000	0.00000000
5.88003969	1573.00000000	0.00000000	0.00000000
5.89003992	368.00000000	0.00000000	0.00000000
5.90004015	1594.00000000	0.00000000	0.00000000
5.91004038	1594.00000000	0.00000000	0.00000000
5.92004061	1717.00000000	0.00000000	0.00000000
5.93004084	1718.00000000	0.00000000	0.00000000
5.94004107	1840.00000000	0.00000000	0.00000000
5.95004129	1963.00000000	0.00000000	0.00000000
5.96004152	1841.00000000	0.00000000	0.00000000
5.97004175	1840.00000000	0.00000000	0.00000000
5.98004198	1718.00000000	0.00000000	0.00000000
5.99004221	1840.00000000	0.00000000	0.00000000
6.00004244	1717.00000000	0.00000000	0.00000000
6.01004267	1595.00000000	0.00000000	0.00000000
6.02004290	1471.00000000	0.00000000	0.00000000
6.03004313	2306.00000000	0.00000000	0.00000000
6.04004335	1697.00000000	0.00000000	0.00000000
6.05004358	1040.00000000	0.00000000	0.00000000
6.06004381	1184.00000000	0.00000000	0.00000000
6.07004404	1420.00000000	0.00000000	0.00000000
6.08004427	1556.00000000	0.00000000	0.00000000
6.09004450	1095.00000000	0.00000000	0.00000000
6.10004473	981.00000000	0.00000000	0.00000000
6.11004496	1594.00000000	0.00000000	0.00000000
6.12004519	1718.00000000	0.00000000	0.00000000
6.13004541	1840.00000000	0.00000000	0.00000000
6.14004564	1840.00000000	0.00000000	0.00000000
6.15004587	1841.00000000	0.00000000	0.00000000
6.16004610	1963.00000000	0.00000000	0.00000000
6.17004633	1841.00000000	0.00000000	0.00000000
6.18004656	1717.00000000	0.00000000	0.00000000
6.19004679	1718.00000000	0.00000000	0.00000000
6.20004702	1591.00000000	0.00000000	0.00000000
6.21004725	1588.00000000	0.00000000	0.00000000
6.22004747	1329.00000000	0.00000000	0.00000000
6.23004770	1181.00000000	0.00000000	0.00000000
6.24004793	1415.00000000	0.00000000	0.00000000
6.25004816	1180.00000000	0.00000000	0.00000000
6.26004839	1198.00000000	0.00000000	0.00000000
6.27004862	957.00000000	0.00000000	0.00000000
6.28004885	1103.00000000	0.00000000	0.00000000
6.29004908	1347.00000000	0.00000000	0.00000000
6.30004930	613.00000000	0.00000000	0.00000000
6.31004953	1718.00000000	0.00000000	0.00000000
6.32004976	1840.00000000	0.00000000	0.00000000
6.33004999	1964.00000000	0.00000000	0.00000000
6.34005022	1840.00000000	0.00000000	0.00000000
6.35005045	1841.00000000	0.00000000	0.00000000
6.36005068	1840.00000000	0.00000000	0.00000000
6.37005091	1718.00000000	0.00000000	0.00000000
6.38005114	1840.00000000	0.00000000	0.00000000
6.39005136	1957.00000000	0.00000000	0.00000000
6.40005159	1713.00000000	0.00000000	0.00000000
6.41005182	1460.00000000	0.00000000	0.00000000
6.42005205	1645.00000000	0.00000000	0.00000000
6.43005228	1455.00000000	0.00000000	0.00000000
6.44005251	1066.00000000	0.00000000	0.00000000
6.45005274	1527.00000000	0.00000000	0.00000000
6.46005297	1334.00000000	0.00000000	0.00000000
6.47005320	606.00000000	0.00000000	0.00000000
6.48005342	1594.00000000	0.00000000	0.00000000
6.49005365	1595.00000000	0.00000000	0.00000000
6.50005388	1840.00000000	0.00000000	0.00000000
6.51005411	1840.00000000	0.00000000	0.00000000
6.52005434	1841.00000000	0.00000000	0.00000000
6.53005457	1963.00000000	0.00000000	0.00000000
6.54005480	1840.00000000	0.00000000	0.00000000
6.55005503	1841.00000000	0.00000000	0.00000000
6.56005526	1840.00000000	0.00000000	0.00000000
6.57005548	1718.00000000	0.00000000	0.00000000
6.58005571	2933.00000000	0.00000000	0.00000000
6.59005594	1338.00000000	0.00000000	0.00000000
6.60005617	1456.00000000	0.00000000	0.00000000
6.61005640	1310.00000000	0.00000000	0.00000000
6.62005663	1188.00000000	0.00000000	0.00000000
6.63005686	1396.00000000	0.00000000	0.00000000
6.64005709	1282.00000000	0.00000000	0.00000000
6.65005732	1453.00000000	0.00000000	0.00000000
6.66005754	1093.00000000	0.00000000	0.00000000
6.67005777	1347.00000000	0.00000000	0.00000000
6.68005800	1471.00000000	0.00000000	0.00000000
6.69005823	1595.00000000	0.00000000	0.00000000
6.70005846	1717.00000000	0.00000000	0.00000000
6.71005869	1718.00000000	0.00000000	0.00000000
6.72005892	1840.00000000	0.00000000	0.00000000
6.73005915	1841.00000000	0.00000000	0.00000000
6.74005938	1963.00000000	0.00000000	0.00000000
6.75005960	1964.00000000	0.00000000	0.00000000
6.76005983	1840.00000000	0.00000000	0.00000000
6.77006006	1963.00000000	0.00000000	0.00000000
6.78006029	1841.00000000	0.00000000	0.00000000
6.79006052	1963.00000000	0.00000000	0.00000000
6.80006075	1718.00000000	0.00000000	0.00000000
6.81006098	1840.00000000	0.00000000	0.00000000
6.82006121	1840.00000000	0.00000000	0.00000000
6.83006144	1841.00000000	0.00000000	0.00000000
6.84006166	1963.00000000	0.00000000	0.00000000
6.85006189	1718.00000000	0.00000000	0.00000000
6.86006212	1840.00000000	0.00000000	0.00000000
6.87006235	1718.00000000	0.00000000	0.00000000
6.88006258	1840.00000000	0.00000000	0.00000000
6.89006281	1718.00000000	0.00000000	0.00000000
6.90006304	1717.00000000	0.00000000	0.00000000
6.91006327	1840.00000000	0.00000000	0.00000000
6.92006350	1718.00000000	0.00000000	0.00000000
6.93006372	1717.00000000	0.00000000	0.00000000
6.94006395	1841.00000000	0.00000000	0.00000000
6.95006418	1717.00000000	0.00000000	0.00000000
6.96006441	1717.00000000	0.00000000	0.00000000
6.97006464	1718.00000000	0.00000000	0.00000000
6.98006487	1717.00000000	0.00000000	0.00000000
6.99006510	1718.00000000	0.00000000	0.00000000
7.00006533	1594.00000000	0.00000000	0.00000000
