Position	Counts A	Counts B	Counts AB
0.01000000	8114.00000000	0.00000000	0.00000000
0.02000000	7129.00000000	0.00000000	0.00000000
0.03000000	7129.00000000	0.00000000	0.00000000
0.04000000	7006.00000000	0.00000000	0.00000000
0.05000000	7130.00000000	0.00000000	0.00000000
0.05999999	7252.00000000	0.00000000	0.00000000
0.06999999	7375.00000000	0.00000000	0.00000000
0.07999999	7130.00000000	0.00000000	0.00000000
0.08999999	7375.00000000	0.00000000	0.00000000
0.09999999	7253.00000000	0.00000000	0.00000000
0.10999998	7252.00000000	0.00000000	0.00000000
0.11999998	7375.00000000	0.00000000	0.00000000
0.12999998	7376.00000000	0.00000000	0.00000000
0.13999999	7252.00000000	0.00000000	0.00000000
0.14999999	14505.00000000	0.00000000	0.00000000
0.16000000	7129.00000000	0.00000000	0.00000000
0.17000000	7130.00000000	0.00000000	0.00000000
0.18000001	7129.00000000	0.00000000	0.00000000
0.19000001	7007.00000000	0.00000000	0.00000000
0.20000002	7129.00000000	0.00000000	0.00000000
0.21000002	6883.00000000	0.00000000	0.00000000
0.22000003	7007.00000000	0.00000000	0.00000000
0.23000003	7006.00000000	0.00000000	0.00000000
0.24000004	7007.00000000	0.00000000	0.00000000
0.25000003	7252.00000000	0.00000000	0.00000000
0.26000002	7252.00000000	0.00000000	0.00000000
0.27000001	11309.00000000	0.00000000	0.00000000
0.28000000	7376.00000000	0.00000000	0.00000000
0.28999999	7498.00000000	0.00000000	0.00000000
0.29999998	7375.00000000	0.00000000	0.00000000
0.30999997	7376.00000000	0.00000000	0.00000000
0.31999996	7253.00000000	0.00000000	0.00000000
0.32999995	7375.00000000	0.00000000	0.00000000
0.33999994	7252.00000000	0.00000000	0.00000000
0.34999993	7007.00000000	0.00000000	0.00000000
0.35999992	7129.00000000	0.00000000	0.00000000
0.36999992	6884.00000000	0.00000000	0.00000000
0.37999991	7006.00000000	0.00000000	0.00000000
0.38999990	7129.00000000	0.00000000	0.00000000
0.39999989	6884.00000000	0.00000000	0.00000000
0.40999988	6883.00000000	0.00000000	0.00000000
0.41999987	7130.00000000	0.00000000	0.00000000
0.42999986	7252.00000000	0.00000000	0.00000000
0.43999985	7253.00000000	0.00000000	0.00000000
0.44999984	7375.00000000	0.00000000	0.00000000
0.45999983	7253.00000000	0.00000000	0.00000000
0.46999982	7375.00000000	0.00000000	0.00000000
0.47999981	7252.00000000	0.00000000	0.00000000
0.48999980	7376.00000000	0.00000000	0.00000000
0.49999979	7498.00000000	0.00000000	0.00000000
0.50999981	7376.00000000	0.00000000	0.00000000
0.51999980	7375.00000000	0.00000000	0.00000000
0.52999979	7129.00000000	0.00000000	0.00000000
0.53999978	7007.00000000	0.00000000	0.00000000
0.54999977	7129.00000000	0.00000000	0.00000000
0.55999976	7007.00000000	0.00000000	0.00000000
0.56999975	7006.00000000	0.00000000	0.00000000
0.57999974	6884.00000000	0.00000000	0.00000000
0.58999974	7006.00000000	0.00000000	0.00000000
0.59999973	6884.00000000	0.00000000	0.00000000
0.60999972	7252.00000000	0.00000000	0.00000000
0.61999971	7129.00000000	0.00000000	0.00000000
0.62999970	7253.00000000	0.00000000	0.00000000
0.63999969	7375.00000000	0.00000000	0.00000000
0.64999968	7376.00000000	0.00000000	0.00000000
0.65999967	7375.00000000	0.00000000	0.00000000
0.66999966	7498.00000000	0.00000000	0.00000000
0.67999965	7252.00000000	0.00000000	0.00000000
0.68999964	7253.00000000	0.00000000	0.00000000
0.69999963	7375.00000000	0.00000000	0.00000000
0.70999962	7252.00000000	0.00000000	0.00000000
0.71999961	7007.00000000	0.00000000	0.00000000
0.72999960	7006.00000000	0.00000000	0.00000000
0.73999959	7007.00000000	0.00000000	0.00000000
0.74999958	6883.00000000	0.00000000	0.00000000
0.75999957	6883.00000000	0.00000000	0.00000000
0.76999956	6884.00000000	0.00000000	0.00000000
0.77999955	7006.00000000	0.00000000	0.00000000
0.78999954	6761.00000000	0.00000000	0.00000000
0.79999954	7006.00000000	0.00000000	0.00000000
0.80999953	13153.00000000	0.00000000	0.00000000
0.81999952	7498.00000000	0.00000000	0.00000000
0.82999951	7376.00000000	0.00000000	0.00000000
0.83999950	7375.00000000	0.00000000	0.00000000
0.84999949	7498.00000000	0.00000000	0.00000000
0.85999948	7376.00000000	0.00000000	0.00000000
0.86999947	7621.00000000	0.00000000	0.00000000
0.87999946	7498.00000000	0.00000000	0.00000000
0.88999945	7376.00000000	0.00000000	0.00000000
0.89999944	7129.00000000	0.00000000	0.00000000
0.90999943	7007.00000000	0.00000000	0.00000000
0.91999942	7006.00000000	0.00000000	0.00000000
0.92999941	7007.00000000	0.00000000	0.00000000
0.93999940	6883.00000000	0.00000000	0.00000000
0.94999939	6884.00000000	0.00000000	0.00000000
0.95999938	7006.00000000	0.00000000	0.00000000
0.96999937	7006.00000000	0.00000000	0.00000000
0.97999936	7007.00000000	0.00000000	0.00000000
0.98999935	7252.00000000	0.00000000	0.00000000
0.99999934	7130.00000000	0.00000000	0.00000000
1.00999939	7375.00000000	0.00000000	0.00000000
1.01999938	7376.00000000	0.00000000	0.00000000
1.02999938	7375.00000000	0.00000000	0.00000000
1.03999937	7499.00000000	0.00000000	0.00000000
1.04999936	7621.00000000	0.00000000	0.00000000
1.05999935	7622.00000000	0.00000000	0.00000000
1.06999934	7375.00000000	0.00000000	0.00000000
1.07999933	7252.00000000	0.00000000	0.00000000
1.08999932	7007.00000000	0.00000000	0.00000000
1.09999931	7129.00000000	0.00000000	0.00000000
1.10999930	7252.00000000	0.00000000	0.00000000
1.11999929	6884.00000000	0.00000000	0.00000000
1.12999928	6637.00000000	0.00000000	0.00000000
1.13999927	6761.00000000	0.00000000	0.00000000
1.14999926	7252.00000000	0.00000000	0.00000000
1.15999925	6884.00000000	0.00000000	0.00000000
1.16999924	7252.00000000	0.00000000	0.00000000
1.17999923	7007.00000000	0.00000000	0.00000000
1.18999922	7498.00000000	0.00000000	0.00000000
1.19999921	7375.00000000	0.00000000	0.00000000
1.20999920	7376.00000000	0.00000000	0.00000000
1.21999919	7498.00000000	0.00000000	0.00000000
1.22999918	7376.00000000	0.00000000	0.00000000
1.23999918	7498.00000000	0.00000000	0.00000000
1.24999917	7498.00000000	0.00000000	0.00000000
1.25999916	7622.00000000	0.00000000	0.00000000
1.26999915	7129.00000000	0.00000000	0.00000000
1.27999914	7376.00000000	0.00000000	0.00000000
1.28999913	9218.00000000	0.00000000	0.00000000
1.29999912	6761.00000000	0.00000000	0.00000000
1.30999911	6760.00000000	0.00000000	0.00000000
1.31999910	6884.00000000	0.00000000	0.00000000
1.32999909	6760.00000000	0.00000000	0.00000000
1.33999908	6637.00000000	0.00000000	0.00000000
1.34999907	6761.00000000	0.00000000	0.00000000
1.35999906	7006.00000000	0.00000000	0.00000000
1.36999905	7007.00000000	0.00000000	0.00000000
1.37999904	7252.00000000	0.00000000	0.00000000
1.38999903	7252.00000000	0.00000000	0.00000000
1.39999902	7376.00000000	0.00000000	0.00000000
1.40999901	7622.00000000	0.00000000	0.00000000
1.41999900	7621.00000000	0.00000000	0.00000000
1.42999899	7744.00000000	0.00000000	0.00000000
1.43999898	7622.00000000	0.00000000	0.00000000
1.44999897	7498.00000000	0.00000000	0.00000000
1.45999897	7376.00000000	0.00000000	0.00000000
1.46999896	7129.00000000	0.00000000	0.00000000
1.47999895	7129.00000000	0.00000000	0.00000000
1.48999894	6884.00000000	0.00000000	0.00000000
1.49999893	6760.00000000	0.00000000	0.00000000
1.50999892	6515.00000000	0.00000000	0.00000000
1.51999891	6637.00000000	0.00000000	0.00000000
1.52999890	13152.00000000	0.00000000	0.00000000
1.53999889	6760.00000000	0.00000000	0.00000000
1.54999888	6761.00000000	0.00000000	0.00000000
1.55999887	7252.00000000	0.00000000	0.00000000
1.56999886	7252.00000000	0.00000000	0.00000000
1.57999885	7376.00000000	0.00000000	0.00000000
1.58999884	7621.00000000	0.00000000	0.00000000
1.59999883	7622.00000000	0.00000000	0.00000000
1.60999882	7867.00000000	0.00000000	0.00000000
1.61999881	7621.00000000	0.00000000	0.00000000
1.62999880	7622.00000000	0.00000000	0.00000000
1.63999879	7621.00000000	0.00000000	0.00000000
1.64999878	7499.00000000	0.00000000	0.00000000
1.65999877	7252.00000000	0.00000000	0.00000000
1.66999876	7006.00000000	0.00000000	0.00000000
1.67999876	6883.00000000	0.00000000	0.00000000
1.68999875	6761.00000000	0.00000000	0.00000000
1.69999874	6514.00000000	0.00000000	0.00000000
1.70999873	6637.00000000	0.00000000	0.00000000
1.71999872	6515.00000000	0.00000000	0.00000000
1.72999871	6637.00000000	0.00000000	0.00000000
1.73999870	6761.00000000	0.00000000	0.00000000
1.74999869	6760.00000000	0.00000000	0.00000000
1.75999868	7129.00000000	0.00000000	0.00000000
1.76999867	7253.00000000	0.00000000	0.00000000
1.77999866	7621.00000000	0.00000000	0.00000000
1.78999865	7867.00000000	0.00000000	0.00000000
1.79999864	7867.00000000	0.00000000	0.00000000
1.80999863	7868.00000000	0.00000000	0.00000000
1.81999862	7744.00000000	0.00000000	0.00000000
1.82999861	7622.00000000	0.00000000	0.00000000
1.83999860	7498.00000000	0.00000000	0.00000000
1.84999859	7621.00000000	0.00000000	0.00000000
1.85999858	6884.00000000	0.00000000	0.00000000
1.86999857	6883.00000000	0.00000000	0.00000000
1.87999856	6761.00000000	0.00000000	0.00000000
1.88999856	6637.00000000	0.00000000	0.00000000
1.89999855	6514.00000000	0.00000000	0.00000000
1.90999854	6515.00000000	0.00000000	0.00000000
1.91999853	6391.00000000	0.00000000	0.00000000
1.92999852	6515.00000000	0.00000000	0.00000000
1.93999851	7129.00000000	0.00000000	0.00000000
1.94999850	7007.00000000	0.00000000	0.00000000
1.95999849	7375.00000000	0.00000000	0.00000000
1.96999848	7744.00000000	0.00000000	0.00000000
1.97999847	7745.00000000	0.00000000	0.00000000
1.98999846	7744.00000000	0.00000000	0.00000000
1.99999845	7622.00000000	0.00000000	0.00000000
2.00999856	8113.00000000	0.00000000	0.00000000
2.01999855	7745.00000000	0.00000000	0.00000000
2.02999854	7744.00000000	0.00000000	0.00000000
2.03999853	7375.00000000	0.00000000	0.00000000
2.04999852	7376.00000000	0.00000000	0.00000000
2.05999851	6761.00000000	0.00000000	0.00000000
2.06999850	6637.00000000	0.00000000	0.00000000
2.07999849	6391.00000000	0.00000000	0.00000000
2.08999848	6392.00000000	0.00000000	0.00000000
2.09999847	6514.00000000	0.00000000	0.00000000
2.10999846	6391.00000000	0.00000000	0.00000000
2.11999846	6638.00000000	0.00000000	0.00000000
2.12999845	6760.00000000	0.00000000	0.00000000
2.13999844	7007.00000000	0.00000000	0.00000000
2.14999843	7129.00000000	0.00000000	0.00000000
2.15999842	7375.00000000	0.00000000	0.00000000
2.16999841	7622.00000000	0.00000000	0.00000000
2.17999840	7867.00000000	0.00000000	0.00000000
2.18999839	7868.00000000	0.00000000	0.00000000
2.19999838	8113.00000000	0.00000000	0.00000000
2.20999837	7867.00000000	0.00000000	0.00000000
2.21999836	7498.00000000	0.00000000	0.00000000
2.22999835	7499.00000000	0.00000000	0.00000000
2.23999834	7129.00000000	0.00000000	0.00000000
2.24999833	6761.00000000	0.00000000	0.00000000
2.25999832	6637.00000000	0.00000000	0.00000000
2.26999831	6637.00000000	0.00000000	0.00000000
2.27999830	6392.00000000	0.00000000	0.00000000
2.28999829	6391.00000000	0.00000000	0.00000000
2.29999828	6514.00000000	0.00000000	0.00000000
2.30999827	6392.00000000	0.00000000	0.00000000
2.31999826	6883.00000000	0.00000000	0.00000000
2.32999825	7007.00000000	0.00000000	0.00000000
2.33999825	7129.00000000	0.00000000	0.00000000
2.34999824	7622.00000000	0.00000000	0.00000000
2.35999823	7744.00000000	0.00000000	0.00000000
2.36999822	7991.00000000	0.00000000	0.00000000
2.37999821	7990.00000000	0.00000000	0.00000000
2.38999820	8113.00000000	0.00000000	0.00000000
2.39999819	7868.00000000	0.00000000	0.00000000
2.40999818	7621.00000000	0.00000000	0.00000000
2.41999817	7745.00000000	0.00000000	0.00000000
2.42999816	7129.00000000	0.00000000	0.00000000
2.43999815	6883.00000000	0.00000000	0.00000000
2.44999814	6638.00000000	0.00000000	0.00000000
2.45999813	6514.00000000	0.00000000	0.00000000
2.46999812	6269.00000000	0.00000000	0.00000000
2.47999811	6268.00000000	0.00000000	0.00000000
2.48999810	12660.00000000	0.00000000	0.00000000
2.49999809	6514.00000000	0.00000000	0.00000000
2.50999808	6761.00000000	0.00000000	0.00000000
2.51999807	7006.00000000	0.00000000	0.00000000
2.52999806	7252.00000000	0.00000000	0.00000000
2.53999805	7376.00000000	0.00000000	0.00000000
2.54999804	7867.00000000	0.00000000	0.00000000
2.55999804	7868.00000000	0.00000000	0.00000000
2.56999803	7990.00000000	0.00000000	0.00000000
2.57999802	8113.00000000	0.00000000	0.00000000
2.58999801	7991.00000000	0.00000000	0.00000000
2.59999800	7621.00000000	0.00000000	0.00000000
2.60999799	7745.00000000	0.00000000	0.00000000
2.61999798	7375.00000000	0.00000000	0.00000000
2.62999797	7252.00000000	0.00000000	0.00000000
2.63999796	6514.00000000	0.00000000	0.00000000
2.64999795	6392.00000000	0.00000000	0.00000000
2.65999794	6268.00000000	0.00000000	0.00000000
2.66999793	6268.00000000	0.00000000	0.00000000
2.67999792	6269.00000000	0.00000000	0.00000000
2.68999791	6391.00000000	0.00000000	0.00000000
2.69999790	6515.00000000	0.00000000	0.00000000
2.70999789	6760.00000000	0.00000000	0.00000000
2.71999788	7129.00000000	0.00000000	0.00000000
2.72999787	7253.00000000	0.00000000	0.00000000
2.73999786	7498.00000000	0.00000000	0.00000000
2.74999785	8114.00000000	0.00000000	0.00000000
2.75999784	8113.00000000	0.00000000	0.00000000
2.76999784	8236.00000000	0.00000000	0.00000000
2.77999783	8360.00000000	0.00000000	0.00000000
2.78999782	7991.00000000	0.00000000	0.00000000
2.79999781	7498.00000000	0.00000000	0.00000000
2.80999780	7375.00000000	0.00000000	0.00000000
2.81999779	7007.00000000	0.00000000	0.00000000
2.82999778	6637.00000000	0.00000000	0.00000000
2.83999777	6638.00000000	0.00000000	0.00000000
2.84999776	6268.00000000	0.00000000	0.00000000
2.85999775	6022.00000000	0.00000000	0.00000000
2.86999774	6146.00000000	0.00000000	0.00000000
2.87999773	6145.00000000	0.00000000	0.00000000
2.88999772	6269.00000000	0.00000000	0.00000000
2.89999771	6637.00000000	0.00000000	0.00000000
2.90999770	6760.00000000	0.00000000	0.00000000
2.91999769	7376.00000000	0.00000000	0.00000000
2.92999768	7745.00000000	0.00000000	0.00000000
2.93999767	7990.00000000	0.00000000	0.00000000
2.94999766	8236.00000000	0.00000000	0.00000000
2.95999765	8483.00000000	0.00000000	0.00000000
2.96999764	8359.00000000	0.00000000	0.00000000
2.97999763	8237.00000000	0.00000000	0.00000000
2.98999763	7867.00000000	0.00000000	0.00000000
2.99999762	7498.00000000	0.00000000	0.00000000
3.00999761	7130.00000000	0.00000000	0.00000000
3.01999760	7006.00000000	0.00000000	0.00000000
3.02999759	6638.00000000	0.00000000	0.00000000
3.03999758	6391.00000000	0.00000000	0.00000000
3.04999757	6022.00000000	0.00000000	0.00000000
3.05999756	6146.00000000	0.00000000	0.00000000
3.06999755	12168.00000000	0.00000000	0.00000000
3.07999754	6514.00000000	0.00000000	0.00000000
3.08999753	6637.00000000	0.00000000	0.00000000
3.09999752	7007.00000000	0.00000000	0.00000000
3.10999751	7375.00000000	0.00000000	0.00000000
3.11999750	7745.00000000	0.00000000	0.00000000
3.12999749	7990.00000000	0.00000000	0.00000000
3.13999748	8236.00000000	0.00000000	0.00000000
3.14999747	8360.00000000	0.00000000	0.00000000
3.15999746	8236.00000000	0.00000000	0.00000000
3.16999745	8360.00000000	0.00000000	0.00000000
3.17999744	8113.00000000	0.00000000	0.00000000
3.18999743	7744.00000000	0.00000000	0.00000000
3.19999743	7622.00000000	0.00000000	0.00000000
3.20999742	6638.00000000	0.00000000	0.00000000
3.21999741	6514.00000000	0.00000000	0.00000000
3.22999740	6145.00000000	0.00000000	0.00000000
3.23999739	5900.00000000	0.00000000	0.00000000
3.24999738	5899.00000000	0.00000000	0.00000000
3.25999737	6023.00000000	0.00000000	0.00000000
3.26999736	6145.00000000	0.00000000	0.00000000
3.27999735	6145.00000000	0.00000000	0.00000000
3.28999734	6884.00000000	0.00000000	0.00000000
3.29999733	7006.00000000	0.00000000	0.00000000
3.30999732	7376.00000000	0.00000000	0.00000000
3.31999731	7867.00000000	0.00000000	0.00000000
3.32999730	7990.00000000	0.00000000	0.00000000
3.33999729	3811.00000000	0.00000000	0.00000000
3.34999728	8483.00000000	0.00000000	0.00000000
3.35999727	8236.00000000	0.00000000	0.00000000
3.36999726	8113.00000000	0.00000000	0.00000000
3.37999725	7868.00000000	0.00000000	0.00000000
3.38999724	7498.00000000	0.00000000	0.00000000
3.39999723	7130.00000000	0.00000000	0.00000000
3.40999722	6637.00000000	0.00000000	0.00000000
3.41999722	6514.00000000	0.00000000	0.00000000
3.42999721	6023.00000000	0.00000000	0.00000000
3.43999720	5776.00000000	0.00000000	0.00000000
3.44999719	5899.00000000	0.00000000	0.00000000
3.45999718	6146.00000000	0.00000000	0.00000000
3.46999717	6145.00000000	0.00000000	0.00000000
3.47999716	6515.00000000	0.00000000	0.00000000
3.48999715	13889.00000000	0.00000000	0.00000000
3.49999714	7622.00000000	0.00000000	0.00000000
3.50999713	8113.00000000	0.00000000	0.00000000
3.51999712	8360.00000000	0.00000000	0.00000000
3.52999711	8359.00000000	0.00000000	0.00000000
3.53999710	8728.00000000	0.00000000	0.00000000
3.54999709	8606.00000000	0.00000000	0.00000000
3.55999708	8236.00000000	0.00000000	0.00000000
3.56999707	7991.00000000	0.00000000	0.00000000
3.57999706	7744.00000000	0.00000000	0.00000000
3.58999705	7252.00000000	0.00000000	0.00000000
3.59999704	7007.00000000	0.00000000	0.00000000
3.60999703	6391.00000000	0.00000000	0.00000000
3.61999702	6146.00000000	0.00000000	0.00000000
3.62999701	6022.00000000	0.00000000	0.00000000
3.63999701	5777.00000000	0.00000000	0.00000000
3.64999700	5899.00000000	0.00000000	0.00000000
3.65999699	6269.00000000	0.00000000	0.00000000
3.66999698	6637.00000000	0.00000000	0.00000000
3.67999697	6883.00000000	0.00000000	0.00000000
3.68999696	7499.00000000	0.00000000	0.00000000
3.69999695	7744.00000000	0.00000000	0.00000000
3.70999694	8114.00000000	0.00000000	0.00000000
3.71999693	8236.00000000	0.00000000	0.00000000
3.72999692	8605.00000000	0.00000000	0.00000000
3.73999691	8606.00000000	0.00000000	0.00000000
3.74999690	8482.00000000	0.00000000	0.00000000
3.75999689	8237.00000000	0.00000000	0.00000000
3.76999688	7498.00000000	0.00000000	0.00000000
3.77999687	7253.00000000	0.00000000	0.00000000
3.78999686	6514.00000000	0.00000000	0.00000000
3.79999685	6269.00000000	0.00000000	0.00000000
3.80999684	6022.00000000	0.00000000	0.00000000
3.81999683	6022.00000000	0.00000000	0.00000000
3.82999682	5777.00000000	0.00000000	0.00000000
3.83999681	5776.00000000	0.00000000	0.00000000
3.84999681	6146.00000000	0.00000000	0.00000000
3.85999680	6268.00000000	0.00000000	0.00000000
3.86999679	6514.00000000	0.00000000	0.00000000
3.87999678	7376.00000000	0.00000000	0.00000000
3.88999677	7498.00000000	0.00000000	0.00000000
3.89999676	7745.00000000	0.00000000	0.00000000
3.90999675	8359.00000000	0.00000000	0.00000000
3.91999674	8852.00000000	0.00000000	0.00000000
3.92999673	8728.00000000	0.00000000	0.00000000
3.93999672	8483.00000000	0.00000000	0.00000000
3.94999671	7990.00000000	0.00000000	0.00000000
3.95999670	7867.00000000	0.00000000	0.00000000
3.96999669	7499.00000000	0.00000000	0.00000000
3.97999668	7129.00000000	0.00000000	0.00000000
3.98999667	6638.00000000	0.00000000	0.00000000
3.99999666	6268.00000000	0.00000000	0.00000000
4.00999689	5899.00000000	0.00000000	0.00000000
4.01999712	5777.00000000	0.00000000	0.00000000
4.02999735	5530.00000000	0.00000000	0.00000000
4.03999758	5777.00000000	0.00000000	0.00000000
4.04999781	6391.00000000	0.00000000	0.00000000
4.05999804	6884.00000000	0.00000000	0.00000000
4.06999826	7252.00000000	0.00000000	0.00000000
4.07999849	7499.00000000	0.00000000	0.00000000
4.08999872	8113.00000000	0.00000000	0.00000000
4.09999895	8236.00000000	0.00000000	0.00000000
4.10999918	8606.00000000	0.00000000	0.00000000
4.11999941	8605.00000000	0.00000000	0.00000000
4.12999964	8729.00000000	0.00000000	0.00000000
4.13999987	8482.00000000	0.00000000	0.00000000
4.15000010	8359.00000000	0.00000000	0.00000000
4.16000032	7745.00000000	0.00000000	0.00000000
4.17000055	7375.00000000	0.00000000	0.00000000
4.18000078	6514.00000000	0.00000000	0.00000000
4.19000101	6268.00000000	0.00000000	0.00000000
4.20000124	5654.00000000	0.00000000	0.00000000
4.21000147	5653.00000000	0.00000000	0.00000000
4.22000170	5654.00000000	0.00000000	0.00000000
4.23000193	5899.00000000	0.00000000	0.00000000
4.24000216	5899.00000000	0.00000000	0.00000000
4.25000238	6392.00000000	0.00000000	0.00000000
4.26000261	6760.00000000	0.00000000	0.00000000
4.27000284	7253.00000000	0.00000000	0.00000000
4.28000307	7621.00000000	0.00000000	0.00000000
4.29000330	7990.00000000	0.00000000	0.00000000
4.30000353	8360.00000000	0.00000000	0.00000000
4.31000376	8605.00000000	0.00000000	0.00000000
4.32000399	8852.00000000	0.00000000	0.00000000
4.33000422	8482.00000000	0.00000000	0.00000000
4.34000444	7991.00000000	0.00000000	0.00000000
4.35000467	7744.00000000	0.00000000	0.00000000
4.36000490	7253.00000000	0.00000000	0.00000000
4.37000513	6760.00000000	0.00000000	0.00000000
4.38000536	6268.00000000	0.00000000	0.00000000
4.39000559	5900.00000000	0.00000000	0.00000000
4.40000582	5776.00000000	0.00000000	0.00000000
4.41000605	5654.00000000	0.00000000	0.00000000
4.42000628	5653.00000000	0.00000000	0.00000000
4.43000650	5776.00000000	0.00000000	0.00000000
4.44000673	6146.00000000	0.00000000	0.00000000
4.45000696	6514.00000000	0.00000000	0.00000000
4.46000719	7007.00000000	0.00000000	0.00000000
4.47000742	7498.00000000	0.00000000	0.00000000
4.48000765	8360.00000000	0.00000000	0.00000000
4.49000788	8605.00000000	0.00000000	0.00000000
4.50000811	8606.00000000	0.00000000	0.00000000
4.51000834	8974.00000000	0.00000000	0.00000000
4.52000856	8605.00000000	0.00000000	0.00000000
4.53000879	8237.00000000	0.00000000	0.00000000
4.54000902	7990.00000000	0.00000000	0.00000000
4.55000925	7499.00000000	0.00000000	0.00000000
4.56000948	7006.00000000	0.00000000	0.00000000
4.57000971	6268.00000000	0.00000000	0.00000000
4.58000994	6146.00000000	0.00000000	0.00000000
4.59001017	5653.00000000	0.00000000	0.00000000
4.60001040	5531.00000000	0.00000000	0.00000000
4.61001062	5653.00000000	0.00000000	0.00000000
4.62001085	5776.00000000	0.00000000	0.00000000
4.63001108	5900.00000000	0.00000000	0.00000000
4.64001131	6884.00000000	0.00000000	0.00000000
4.65001154	7498.00000000	0.00000000	0.00000000
4.66001177	7744.00000000	0.00000000	0.00000000
4.67001200	8237.00000000	0.00000000	0.00000000
4.68001223	8605.00000000	0.00000000	0.00000000
4.69001245	8728.00000000	0.00000000	0.00000000
4.70001268	8729.00000000	0.00000000	0.00000000
4.71001291	8728.00000000	0.00000000	0.00000000
4.72001314	8606.00000000	0.00000000	0.00000000
4.73001337	8236.00000000	0.00000000	0.00000000
4.74001360	7867.00000000	0.00000000	0.00000000
4.75001383	7130.00000000	0.00000000	0.00000000
4.76001406	7006.00000000	0.00000000	0.00000000
4.77001429	6269.00000000	0.00000000	0.00000000
4.78001451	5899.00000000	0.00000000	0.00000000
4.79001474	5530.00000000	0.00000000	0.00000000
4.80001497	5653.00000000	0.00000000	0.00000000
4.81001520	5777.00000000	0.00000000	0.00000000
4.82001543	5899.00000000	0.00000000	0.00000000
4.83001566	6391.00000000	0.00000000	0.00000000
4.84001589	6761.00000000	0.00000000	0.00000000
4.85001612	7375.00000000	0.00000000	0.00000000
4.86001635	7745.00000000	0.00000000	0.00000000
4.87001657	8236.00000000	0.00000000	0.00000000
4.88001680	8728.00000000	0.00000000	0.00000000
4.89001703	8729.00000000	0.00000000	0.00000000
4.90001726	8851.00000000	0.00000000	0.00000000
4.91001749	17088.00000000	0.00000000	0.00000000
4.92001772	8236.00000000	0.00000000	0.00000000
4.93001795	7622.00000000	0.00000000	0.00000000
4.94001818	7252.00000000	0.00000000	0.00000000
4.95001841	6761.00000000	0.00000000	0.00000000
4.96001863	6391.00000000	0.00000000	0.00000000
4.97001886	5899.00000000	0.00000000	0.00000000
4.98001909	5654.00000000	0.00000000	0.00000000
4.99001932	5530.00000000	0.00000000	0.00000000
5.00001955	5531.00000000	0.00000000	0.00000000
5.01001978	5776.00000000	0.00000000	0.00000000
5.02002001	5899.00000000	0.00000000	0.00000000
5.03002024	6269.00000000	0.00000000	0.00000000
5.04002047	6883.00000000	0.00000000	0.00000000
5.05002069	7990.00000000	0.00000000	0.00000000
5.06002092	8359.00000000	0.00000000	0.00000000
5.07002115	8729.00000000	0.00000000	0.00000000
5.08002138	8728.00000000	0.00000000	0.00000000
5.09002161	8975.00000000	0.00000000	0.00000000
5.10002184	8728.00000000	0.00000000	0.00000000
5.11002207	8605.00000000	0.00000000	0.00000000
5.12002230	8237.00000000	0.00000000	0.00000000
5.13002253	7867.00000000	0.00000000	0.00000000
5.14002275	7253.00000000	0.00000000	0.00000000
5.15002298	6883.00000000	0.00000000	0.00000000
5.16002321	12168.00000000	0.00000000	0.00000000
5.17002344	5653.00000000	0.00000000	0.00000000
5.18002367	5408.00000000	0.00000000	0.00000000
5.19002390	5530.00000000	0.00000000	0.00000000
5.20002413	5530.00000000	0.00000000	0.00000000
5.21002436	5900.00000000	0.00000000	0.00000000
5.22002459	6514.00000000	0.00000000	0.00000000
5.23002481	6884.00000000	0.00000000	0.00000000
5.24002504	7498.00000000	0.00000000	0.00000000
5.25002527	7621.00000000	0.00000000	0.00000000
5.26002550	8360.00000000	0.00000000	0.00000000
5.27002573	8482.00000000	0.00000000	0.00000000
5.28002596	8975.00000000	0.00000000	0.00000000
5.29002619	8974.00000000	0.00000000	0.00000000
5.30002642	8606.00000000	0.00000000	0.00000000
5.31002665	8113.00000000	0.00000000	0.00000000
5.32002687	7622.00000000	0.00000000	0.00000000
5.33002710	7129.00000000	0.00000000	0.00000000
5.34002733	6883.00000000	0.00000000	0.00000000
5.35002756	6146.00000000	0.00000000	0.00000000
5.36002779	5899.00000000	0.00000000	0.00000000
5.37002802	5654.00000000	0.00000000	0.00000000
5.38002825	5530.00000000	0.00000000	0.00000000
5.39002848	5530.00000000	0.00000000	0.00000000
5.40002871	5654.00000000	0.00000000	0.00000000
5.41002893	6022.00000000	0.00000000	0.00000000
5.42002916	7006.00000000	0.00000000	0.00000000
5.43002939	7498.00000000	0.00000000	0.00000000
5.44002962	7868.00000000	0.00000000	0.00000000
5.45002985	8359.00000000	0.00000000	0.00000000
5.46003008	8606.00000000	0.00000000	0.00000000
5.47003031	8728.00000000	0.00000000	0.00000000
5.48003054	8974.00000000	0.00000000	0.00000000
5.49003077	8729.00000000	0.00000000	0.00000000
5.50003099	8605.00000000	0.00000000	0.00000000
5.51003122	7868.00000000	0.00000000	0.00000000
5.52003145	7744.00000000	0.00000000	0.00000000
5.53003168	7129.00000000	0.00000000	0.00000000
5.54003191	6761.00000000	0.00000000	0.00000000
5.55003214	6022.00000000	0.00000000	0.00000000
5.56003237	5531.00000000	0.00000000	0.00000000
5.57003260	5407.00000000	0.00000000	0.00000000
5.58003283	5408.00000000	0.00000000	0.00000000
5.59003305	5899.00000000	0.00000000	0.00000000
5.60003328	6023.00000000	0.00000000	0.00000000
5.61003351	6514.00000000	0.00000000	0.00000000
5.62003374	7006.00000000	0.00000000	0.00000000
5.63003397	7499.00000000	0.00000000	0.00000000
5.64003420	7867.00000000	0.00000000	0.00000000
5.65003443	8236.00000000	0.00000000	0.00000000
5.66003466	8729.00000000	0.00000000	0.00000000
5.67003489	8851.00000000	0.00000000	0.00000000
5.68003511	9098.00000000	0.00000000	0.00000000
5.69003534	17087.00000000	0.00000000	0.00000000
5.70003557	7991.00000000	0.00000000	0.00000000
5.71003580	7375.00000000	0.00000000	0.00000000
5.72003603	6884.00000000	0.00000000	0.00000000
5.73003626	6637.00000000	0.00000000	0.00000000
5.74003649	6022.00000000	0.00000000	0.00000000
5.75003672	5777.00000000	0.00000000	0.00000000
5.76003695	5653.00000000	0.00000000	0.00000000
5.77003717	5531.00000000	0.00000000	0.00000000
5.78003740	5653.00000000	0.00000000	0.00000000
5.79003763	5776.00000000	0.00000000	0.00000000
5.80003786	6269.00000000	0.00000000	0.00000000
5.81003809	6514.00000000	0.00000000	0.00000000
5.82003832	7130.00000000	0.00000000	0.00000000
5.83003855	8728.00000000	0.00000000	0.00000000
5.84003878	8483.00000000	0.00000000	0.00000000
5.85003901	8851.00000000	0.00000000	0.00000000
5.86003923	8852.00000000	0.00000000	0.00000000
5.87003946	8605.00000000	0.00000000	0.00000000
5.88003969	8728.00000000	0.00000000	0.00000000
5.89003992	8237.00000000	0.00000000	0.00000000
5.90004015	8113.00000000	0.00000000	0.00000000
5.91004038	7376.00000000	0.00000000	0.00000000
5.92004061	6883.00000000	0.00000000	0.00000000
5.93004084	6391.00000000	0.00000000	0.00000000
5.94004107	6023.00000000	0.00000000	0.00000000
5.95004129	5653.00000000	0.00000000	0.00000000
5.96004152	5531.00000000	0.00000000	0.00000000
5.97004175	5654.00000000	0.00000000	0.00000000
5.98004198	6022.00000000	0.00000000	0.00000000
5.99004221	6391.00000000	0.00000000	0.00000000
6.00004244	6884.00000000	0.00000000	0.00000000
6.01004267	7375.00000000	0.00000000	0.00000000
6.02004290	7621.00000000	0.00000000	0.00000000
6.03004313	8360.00000000	0.00000000	0.00000000
6.04004335	8482.00000000	0.00000000	0.00000000
6.05004358	8729.00000000	0.00000000	0.00000000
6.06004381	8974.00000000	0.00000000	0.00000000
6.07004404	8605.00000000	0.00000000	0.00000000
6.08004427	8606.00000000	0.00000000	0.00000000
6.09004450	8236.00000000	0.00000000	0.00000000
6.10004473	7252.00000000	0.00000000	0.00000000
6.11004496	6883.00000000	0.00000000	0.00000000
6.12004519	6269.00000000	0.00000000	0.00000000
6.13004541	5899.00000000	0.00000000	0.00000000
6.14004564	5531.00000000	0.00000000	0.00000000
6.15004587	5530.00000000	0.00000000	0.00000000
6.16004610	5407.00000000	0.00000000	0.00000000
6.17004633	5777.00000000	0.00000000	0.00000000
6.18004656	6022.00000000	0.00000000	0.00000000
6.19004679	6392.00000000	0.00000000	0.00000000
6.20004702	6883.00000000	0.00000000	0.00000000
6.21004725	7252.00000000	0.00000000	0.00000000
6.22004747	7991.00000000	0.00000000	0.00000000
6.23004770	14384.00000000	0.00000000	0.00000000
6.24004793	8974.00000000	0.00000000	0.00000000
6.25004816	8728.00000000	0.00000000	0.00000000
6.26004839	8606.00000000	0.00000000	0.00000000
6.27004862	8359.00000000	0.00000000	0.00000000
6.28004885	8114.00000000	0.00000000	0.00000000
6.29004908	7621.00000000	0.00000000	0.00000000
6.30004930	7129.00000000	0.00000000	0.00000000
6.31004953	6761.00000000	0.00000000	0.00000000
6.32004976	6268.00000000	0.00000000	0.00000000
6.33004999	5777.00000000	0.00000000	0.00000000
6.34005022	5530.00000000	0.00000000	0.00000000
6.35005045	5653.00000000	0.00000000	0.00000000
6.36005068	5531.00000000	0.00000000	0.00000000
6.37005091	5776.00000000	0.00000000	0.00000000
6.38005114	6637.00000000	0.00000000	0.00000000
6.39005136	7129.00000000	0.00000000	0.00000000
6.40005159	7499.00000000	0.00000000	0.00000000
6.41005182	8113.00000000	0.00000000	0.00000000
6.42005205	8360.00000000	0.00000000	0.00000000
6.43005228	8605.00000000	0.00000000	0.00000000
6.44005251	8851.00000000	0.00000000	0.00000000
6.45005274	8729.00000000	0.00000000	0.00000000
6.46005297	8605.00000000	0.00000000	0.00000000
6.47005320	8237.00000000	0.00000000	0.00000000
6.48005342	7990.00000000	0.00000000	0.00000000
6.49005365	7498.00000000	0.00000000	0.00000000
6.50005388	7130.00000000	0.00000000	0.00000000
6.51005411	6514.00000000	0.00000000	0.00000000
6.52005434	5776.00000000	0.00000000	0.00000000
6.53005457	5653.00000000	0.00000000	0.00000000
6.54005480	5654.00000000	0.00000000	0.00000000
6.55005503	5653.00000000	0.00000000	0.00000000
6.56005526	5900.00000000	0.00000000	0.00000000
6.57005548	6145.00000000	0.00000000	0.00000000
6.58005571	6760.00000000	0.00000000	0.00000000
6.59005594	7007.00000000	0.00000000	0.00000000
6.60005617	7375.00000000	0.00000000	0.00000000
6.61005640	7990.00000000	0.00000000	0.00000000
6.62005663	7991.00000000	0.00000000	0.00000000
6.63005686	8482.00000000	0.00000000	0.00000000
6.64005709	8852.00000000	0.00000000	0.00000000
6.65005732	8728.00000000	0.00000000	0.00000000
6.66005754	8606.00000000	0.00000000	0.00000000
6.67005777	8113.00000000	0.00000000	0.00000000
6.68005800	7622.00000000	0.00000000	0.00000000
6.69005823	7129.00000000	0.00000000	0.00000000
6.70005846	6638.00000000	0.00000000	0.00000000
6.71005869	6022.00000000	0.00000000	0.00000000
6.72005892	6145.00000000	0.00000000	0.00000000
6.73005915	5777.00000000	0.00000000	0.00000000
6.74005938	5776.00000000	0.00000000	0.00000000
6.75005960	5653.00000000	0.00000000	0.00000000
6.76005983	5408.00000000	0.00000000	0.00000000
6.77006006	5776.00000000	0.00000000	0.00000000
6.78006029	5654.00000000	0.00000000	0.00000000
6.79006052	5776.00000000	0.00000000	0.00000000
6.80006075	5654.00000000	0.00000000	0.00000000
6.81006098	5776.00000000	0.00000000	0.00000000
6.82006121	5777.00000000	0.00000000	0.00000000
6.83006144	5899.00000000	0.00000000	0.00000000
6.84006166	5899.00000000	0.00000000	0.00000000
6.85006189	5900.00000000	0.00000000	0.00000000
6.86006212	5776.00000000	0.00000000	0.00000000
6.87006235	6023.00000000	0.00000000	0.00000000
6.88006258	5899.00000000	0.00000000	0.00000000
6.89006281	6023.00000000	0.00000000	0.00000000
6.90006304	6145.00000000	0.00000000	0.00000000
6.91006327	6022.00000000	0.00000000	0.00000000
6.92006350	6023.00000000	0.00000000	0.00000000
6.93006372	6145.00000000	0.00000000	0.00000000
6.94006395	6145.00000000	0.00000000	0.00000000
6.95006418	6146.00000000	0.00000000	0.00000000
6.96006441	6269.00000000	0.00000000	0.00000000
6.97006464	6268.00000000	0.00000000	0.00000000
6.98006487	6391.00000000	0.00000000	0.00000000
6.99006510	6269.00000000	0.00000000	0.00000000
7.00006533	6514.00000000	0.00000000	0.00000000
