Position	Counts A	Counts B	Counts AB
3.00999999	237627.00000000	0.00000000	0.00000000
3.01999998	247590.00000000	0.00000000	0.00000000
3.02999997	249312.00000000	0.00000000	0.00000000
3.03999996	258167.00000000	0.00000000	0.00000000
3.04999995	246852.00000000	0.00000000	0.00000000
3.05999994	245622.00000000	0.00000000	0.00000000
3.06999993	242301.00000000	0.00000000	0.00000000
3.07999992	278461.00000000	0.00000000	0.00000000
3.08999991	235290.00000000	0.00000000	0.00000000
3.09999990	231969.00000000	0.00000000	0.00000000
3.10999990	228894.00000000	0.00000000	0.00000000
3.11999989	225695.00000000	0.00000000	0.00000000
3.12999988	224343.00000000	0.00000000	0.00000000
3.13999987	222990.00000000	0.00000000	0.00000000
3.14999986	223605.00000000	0.00000000	0.00000000
3.15999985	226310.00000000	0.00000000	0.00000000
3.16999984	228525.00000000	0.00000000	0.00000000
3.17999983	201712.00000000	0.00000000	0.00000000
3.18999982	234551.00000000	0.00000000	0.00000000
3.19999981	237627.00000000	0.00000000	0.00000000
3.20999980	242547.00000000	0.00000000	0.00000000
3.21999979	234060.00000000	0.00000000	0.00000000
3.22999978	248942.00000000	0.00000000	0.00000000
3.23999977	249189.00000000	0.00000000	0.00000000
3.24999976	249189.00000000	0.00000000	0.00000000
3.25999975	224220.00000000	0.00000000	0.00000000
3.26999974	247098.00000000	0.00000000	0.00000000
3.27999973	242055.00000000	0.00000000	0.00000000
3.28999972	239964.00000000	0.00000000	0.00000000
3.29999971	235290.00000000	0.00000000	0.00000000
3.30999970	229509.00000000	0.00000000	0.00000000
3.31999969	225942.00000000	0.00000000	0.00000000
3.32999969	223851.00000000	0.00000000	0.00000000
3.33999968	223113.00000000	0.00000000	0.00000000
3.34999967	220161.00000000	0.00000000	0.00000000
3.35999966	225204.00000000	0.00000000	0.00000000
3.36999965	227048.00000000	0.00000000	0.00000000
3.37999964	230247.00000000	0.00000000	0.00000000
3.38999963	240086.00000000	0.00000000	0.00000000
3.39999962	240825.00000000	0.00000000	0.00000000
3.40999961	243531.00000000	0.00000000	0.00000000
3.41999960	247343.00000000	0.00000000	0.00000000
3.42999959	258660.00000000	0.00000000	0.00000000
3.43999958	249066.00000000	0.00000000	0.00000000
3.44999957	247835.00000000	0.00000000	0.00000000
3.45999956	246360.00000000	0.00000000	0.00000000
3.46999955	243900.00000000	0.00000000	0.00000000
3.47999954	207985.00000000	0.00000000	0.00000000
3.48999953	235166.00000000	0.00000000	0.00000000
3.49999952	230370.00000000	0.00000000	0.00000000
3.50999951	227418.00000000	0.00000000	0.00000000
3.51999950	224958.00000000	0.00000000	0.00000000
3.52999949	222621.00000000	0.00000000	0.00000000
3.53999949	203557.00000000	0.00000000	0.00000000
3.54999948	223359.00000000	0.00000000	0.00000000
3.55999947	225572.00000000	0.00000000	0.00000000
3.56999946	228525.00000000	0.00000000	0.00000000
3.57999945	234675.00000000	0.00000000	0.00000000
3.58999944	238611.00000000	0.00000000	0.00000000
3.59999943	243161.00000000	0.00000000	0.00000000
3.60999942	246114.00000000	0.00000000	0.00000000
3.61999941	248082.00000000	0.00000000	0.00000000
3.62999940	213643.00000000	0.00000000	0.00000000
3.63999939	248450.00000000	0.00000000	0.00000000
3.64999938	246975.00000000	0.00000000	0.00000000
3.65999937	244761.00000000	0.00000000	0.00000000
3.66999936	225573.00000000	0.00000000	0.00000000
3.67999935	237012.00000000	0.00000000	0.00000000
3.68999934	232338.00000000	0.00000000	0.00000000
3.69999933	228648.00000000	0.00000000	0.00000000
3.70999932	225327.00000000	0.00000000	0.00000000
3.71999931	213519.00000000	0.00000000	0.00000000
3.72999930	222498.00000000	0.00000000	0.00000000
3.73999929	223850.00000000	0.00000000	0.00000000
3.74999928	215857.00000000	0.00000000	0.00000000
3.75999928	232092.00000000	0.00000000	0.00000000
3.76999927	235782.00000000	0.00000000	0.00000000
3.77999926	239349.00000000	0.00000000	0.00000000
3.78999925	228895.00000000	0.00000000	0.00000000
3.79999924	245376.00000000	0.00000000	0.00000000
3.80999923	248082.00000000	0.00000000	0.00000000
3.81999922	249311.00000000	0.00000000	0.00000000
3.82999921	224467.00000000	0.00000000	0.00000000
3.83999920	246483.00000000	0.00000000	0.00000000
3.84999919	242916.00000000	0.00000000	0.00000000
3.85999918	239471.00000000	0.00000000	0.00000000
3.86999917	234921.00000000	0.00000000	0.00000000
3.87999916	230739.00000000	0.00000000	0.00000000
3.88999915	226926.00000000	0.00000000	0.00000000
3.89999914	224835.00000000	0.00000000	0.00000000
3.90999913	222744.00000000	0.00000000	0.00000000
3.91999912	254845.00000000	0.00000000	0.00000000
3.92999911	225695.00000000	0.00000000	0.00000000
3.93999910	229263.00000000	0.00000000	0.00000000
3.94999909	232707.00000000	0.00000000	0.00000000
3.95999908	247344.00000000	0.00000000	0.00000000
3.96999907	238611.00000000	0.00000000	0.00000000
3.97999907	243162.00000000	0.00000000	0.00000000
3.98999906	256323.00000000	0.00000000	0.00000000
3.99999905	249557.00000000	0.00000000	0.00000000
4.00999928	249189.00000000	0.00000000	0.00000000
4.01999950	248574.00000000	0.00000000	0.00000000
4.02999973	246851.00000000	0.00000000	0.00000000
4.03999996	243777.00000000	0.00000000	0.00000000
4.05000019	240210.00000000	0.00000000	0.00000000
4.06000042	236766.00000000	0.00000000	0.00000000
4.07000065	232337.00000000	0.00000000	0.00000000
4.08000088	227418.00000000	0.00000000	0.00000000
4.09000111	225573.00000000	0.00000000	0.00000000
4.10000134	223851.00000000	0.00000000	0.00000000
4.11000156	223974.00000000	0.00000000	0.00000000
4.12000179	223851.00000000	0.00000000	0.00000000
4.13000202	226188.00000000	0.00000000	0.00000000
4.14000225	228401.00000000	0.00000000	0.00000000
4.15000248	232092.00000000	0.00000000	0.00000000
4.16000271	245499.00000000	0.00000000	0.00000000
4.17000294	241563.00000000	0.00000000	0.00000000
4.18000317	245498.00000000	0.00000000	0.00000000
4.19000340	247221.00000000	0.00000000	0.00000000
4.20000362	248574.00000000	0.00000000	0.00000000
4.21000385	250173.00000000	0.00000000	0.00000000
4.22000408	247220.00000000	0.00000000	0.00000000
4.23000431	246114.00000000	0.00000000	0.00000000
4.24000454	246606.00000000	0.00000000	0.00000000
4.25000477	229755.00000000	0.00000000	0.00000000
4.26000500	233814.00000000	0.00000000	0.00000000
4.27000523	230124.00000000	0.00000000	0.00000000
4.28000546	226926.00000000	0.00000000	0.00000000
4.29000568	225081.00000000	0.00000000	0.00000000
4.30000591	214134.00000000	0.00000000	0.00000000
4.31000614	223851.00000000	0.00000000	0.00000000
4.32000637	224096.00000000	0.00000000	0.00000000
4.33000660	230124.00000000	0.00000000	0.00000000
4.34000683	230247.00000000	0.00000000	0.00000000
4.35000706	235905.00000000	0.00000000	0.00000000
4.36000729	239472.00000000	0.00000000	0.00000000
4.37000751	243776.00000000	0.00000000	0.00000000
4.38000774	279938.00000000	0.00000000	0.00000000
4.39000797	248205.00000000	0.00000000	0.00000000
4.40000820	249188.00000000	0.00000000	0.00000000
4.41000843	248943.00000000	0.00000000	0.00000000
4.42000866	249066.00000000	0.00000000	0.00000000
4.43000889	246114.00000000	0.00000000	0.00000000
4.44000912	244883.00000000	0.00000000	0.00000000
4.45000935	236274.00000000	0.00000000	0.00000000
4.46000957	232338.00000000	0.00000000	0.00000000
4.47000980	228894.00000000	0.00000000	0.00000000
4.48001003	225081.00000000	0.00000000	0.00000000
4.49001026	223850.00000000	0.00000000	0.00000000
4.50001049	204417.00000000	0.00000000	0.00000000
4.51001072	224711.00000000	0.00000000	0.00000000
4.52001095	227049.00000000	0.00000000	0.00000000
4.53001118	242546.00000000	0.00000000	0.00000000
4.54001141	234183.00000000	0.00000000	0.00000000
4.55001163	238365.00000000	0.00000000	0.00000000
4.56001186	242669.00000000	0.00000000	0.00000000
4.57001209	245007.00000000	0.00000000	0.00000000
4.58001232	246975.00000000	0.00000000	0.00000000
4.59001255	248081.00000000	0.00000000	0.00000000
4.60001278	249066.00000000	0.00000000	0.00000000
4.61001301	247467.00000000	0.00000000	0.00000000
4.62001324	291622.00000000	0.00000000	0.00000000
4.63001347	239594.00000000	0.00000000	0.00000000
4.64001369	234060.00000000	0.00000000	0.00000000
4.65001392	230862.00000000	0.00000000	0.00000000
4.66001415	227295.00000000	0.00000000	0.00000000
4.67001438	223974.00000000	0.00000000	0.00000000
4.68001461	225327.00000000	0.00000000	0.00000000
4.69001484	223605.00000000	0.00000000	0.00000000
4.70001507	223850.00000000	0.00000000	0.00000000
4.71001530	225942.00000000	0.00000000	0.00000000
4.72001553	248327.00000000	0.00000000	0.00000000
4.73001575	234060.00000000	0.00000000	0.00000000
4.74001598	238364.00000000	0.00000000	0.00000000
4.75001621	241932.00000000	0.00000000	0.00000000
4.76001644	245622.00000000	0.00000000	0.00000000
4.77001667	247344.00000000	0.00000000	0.00000000
4.78001690	249557.00000000	0.00000000	0.00000000
4.79001713	249681.00000000	0.00000000	0.00000000
4.80001736	247959.00000000	0.00000000	0.00000000
4.81001759	245745.00000000	0.00000000	0.00000000
4.82001781	221146.00000000	0.00000000	0.00000000
4.83001804	235659.00000000	0.00000000	0.00000000
4.84001827	232092.00000000	0.00000000	0.00000000
4.85001850	229140.00000000	0.00000000	0.00000000
4.86001873	225449.00000000	0.00000000	0.00000000
4.87001896	226803.00000000	0.00000000	0.00000000
4.88001919	223235.00000000	0.00000000	0.00000000
4.89001942	224097.00000000	0.00000000	0.00000000
4.90001965	226065.00000000	0.00000000	0.00000000
4.91001987	256814.00000000	0.00000000	0.00000000
4.92002010	233814.00000000	0.00000000	0.00000000
4.93002033	238856.00000000	0.00000000	0.00000000
4.94002056	242178.00000000	0.00000000	0.00000000
4.95002079	245376.00000000	0.00000000	0.00000000
4.96002102	260381.00000000	0.00000000	0.00000000
4.97002125	249312.00000000	0.00000000	0.00000000
4.98002148	249066.00000000	0.00000000	0.00000000
4.99002171	247713.00000000	0.00000000	0.00000000
5.00002193	244391.00000000	0.00000000	0.00000000
5.01002216	239718.00000000	0.00000000	0.00000000
5.02002239	235659.00000000	0.00000000	0.00000000
5.03002262	232215.00000000	0.00000000	0.00000000
5.04002285	250910.00000000	0.00000000	0.00000000
5.05002308	223236.00000000	0.00000000	0.00000000
5.06002331	225327.00000000	0.00000000	0.00000000
5.07002354	223235.00000000	0.00000000	0.00000000
5.08002377	225819.00000000	0.00000000	0.00000000
5.09002399	227787.00000000	0.00000000	0.00000000
5.10002422	228648.00000000	0.00000000	0.00000000
5.11002445	233814.00000000	0.00000000	0.00000000
5.12002468	237872.00000000	0.00000000	0.00000000
5.13002491	273788.00000000	0.00000000	0.00000000
5.14002514	245376.00000000	0.00000000	0.00000000
5.15002537	246605.00000000	0.00000000	0.00000000
5.16002560	249189.00000000	0.00000000	0.00000000
5.17002583	261612.00000000	0.00000000	0.00000000
5.18002605	248820.00000000	0.00000000	0.00000000
5.19002628	245867.00000000	0.00000000	0.00000000
5.20002651	243039.00000000	0.00000000	0.00000000
5.21002674	239718.00000000	0.00000000	0.00000000
5.22002697	221023.00000000	0.00000000	0.00000000
5.23002720	217333.00000000	0.00000000	0.00000000
5.24002743	228402.00000000	0.00000000	0.00000000
5.25002766	226434.00000000	0.00000000	0.00000000
5.26002789	222866.00000000	0.00000000	0.00000000
5.27002811	223728.00000000	0.00000000	0.00000000
5.28002834	224343.00000000	0.00000000	0.00000000
5.29002857	227049.00000000	0.00000000	0.00000000
5.30002880	229878.00000000	0.00000000	0.00000000
5.31002903	234674.00000000	0.00000000	0.00000000
5.32002926	237258.00000000	0.00000000	0.00000000
5.33002949	242916.00000000	0.00000000	0.00000000
5.34002972	245621.00000000	0.00000000	0.00000000
5.35002995	247836.00000000	0.00000000	0.00000000
5.36003017	257307.00000000	0.00000000	0.00000000
5.37003040	235413.00000000	0.00000000	0.00000000
5.38003063	244269.00000000	0.00000000	0.00000000
5.39003086	240948.00000000	0.00000000	0.00000000
5.40003109	237012.00000000	0.00000000	0.00000000
5.41003132	233568.00000000	0.00000000	0.00000000
5.42003155	201343.00000000	0.00000000	0.00000000
5.43003178	226926.00000000	0.00000000	0.00000000
5.44003201	224957.00000000	0.00000000	0.00000000
5.45003223	224712.00000000	0.00000000	0.00000000
5.46003246	223236.00000000	0.00000000	0.00000000
5.47003269	224835.00000000	0.00000000	0.00000000
5.48003292	226434.00000000	0.00000000	0.00000000
5.49003315	230369.00000000	0.00000000	0.00000000
5.50003338	233445.00000000	0.00000000	0.00000000
5.51003361	267884.00000000	0.00000000	0.00000000
5.52003384	241808.00000000	0.00000000	0.00000000
5.53003407	245376.00000000	0.00000000	0.00000000
5.54003429	247098.00000000	0.00000000	0.00000000
5.55003452	249066.00000000	0.00000000	0.00000000
5.56003475	248943.00000000	0.00000000	0.00000000
5.57003498	248204.00000000	0.00000000	0.00000000
5.58003521	242670.00000000	0.00000000	0.00000000
5.59003544	240333.00000000	0.00000000	0.00000000
5.60003567	237258.00000000	0.00000000	0.00000000
5.61003590	231354.00000000	0.00000000	0.00000000
5.62003613	228648.00000000	0.00000000	0.00000000
5.63003635	224957.00000000	0.00000000	0.00000000
5.64003658	223236.00000000	0.00000000	0.00000000
5.65003681	223605.00000000	0.00000000	0.00000000
5.66003704	225081.00000000	0.00000000	0.00000000
5.67003727	227172.00000000	0.00000000	0.00000000
5.68003750	230615.00000000	0.00000000	0.00000000
5.69003773	233937.00000000	0.00000000	0.00000000
5.70003796	238119.00000000	0.00000000	0.00000000
5.71003819	242054.00000000	0.00000000	0.00000000
5.72003841	245007.00000000	0.00000000	0.00000000
5.73003864	247713.00000000	0.00000000	0.00000000
5.74003887	248820.00000000	0.00000000	0.00000000
5.75003910	210937.00000000	0.00000000	0.00000000
5.76003933	245991.00000000	0.00000000	0.00000000
5.77003956	244392.00000000	0.00000000	0.00000000
5.78003979	240702.00000000	0.00000000	0.00000000
5.79004002	282889.00000000	0.00000000	0.00000000
5.80004025	233076.00000000	0.00000000	0.00000000
5.81004047	229755.00000000	0.00000000	0.00000000
5.82004070	226925.00000000	0.00000000	0.00000000
5.83004093	224712.00000000	0.00000000	0.00000000
5.84004116	223113.00000000	0.00000000	0.00000000
5.85004139	223974.00000000	0.00000000	0.00000000
5.86004162	226311.00000000	0.00000000	0.00000000
5.87004185	229262.00000000	0.00000000	0.00000000
5.88004208	231723.00000000	0.00000000	0.00000000
5.89004230	208846.00000000	0.00000000	0.00000000
5.90004253	240456.00000000	0.00000000	0.00000000
5.91004276	243654.00000000	0.00000000	0.00000000
5.92004299	247959.00000000	0.00000000	0.00000000
5.93004322	248942.00000000	0.00000000	0.00000000
5.94004345	248820.00000000	0.00000000	0.00000000
5.95004368	246360.00000000	0.00000000	0.00000000
5.96004391	245253.00000000	0.00000000	0.00000000
5.97004414	226311.00000000	0.00000000	0.00000000
5.98004436	237504.00000000	0.00000000	0.00000000
5.99004459	234798.00000000	0.00000000	0.00000000
6.00004482	229509.00000000	0.00000000	0.00000000
