Position	Counts A	Counts B	Counts AB
3.00999999	172685.00000000	0.00000000	0.00000000
3.01999998	159773.00000000	0.00000000	0.00000000
3.02999997	192244.00000000	0.00000000	0.00000000
3.03999996	199502.00000000	0.00000000	0.00000000
3.04999995	200609.00000000	0.00000000	0.00000000
3.05999994	197902.00000000	0.00000000	0.00000000
3.06999993	190030.00000000	0.00000000	0.00000000
3.07999992	116109.00000000	0.00000000	0.00000000
3.08999991	143291.00000000	0.00000000	0.00000000
3.09999990	80685.00000000	0.00000000	0.00000000
3.10999990	104053.00000000	0.00000000	0.00000000
3.11999989	77977.00000000	0.00000000	0.00000000
3.12999988	60881.00000000	0.00000000	0.00000000
3.13999987	49318.00000000	0.00000000	0.00000000
3.14999986	45137.00000000	0.00000000	0.00000000
3.15999985	46243.00000000	0.00000000	0.00000000
3.16999984	54238.00000000	0.00000000	0.00000000
3.17999983	67892.00000000	0.00000000	0.00000000
3.18999982	87327.00000000	0.00000000	0.00000000
3.19999981	109711.00000000	0.00000000	0.00000000
3.20999980	145505.00000000	0.00000000	0.00000000
3.21999979	174164.00000000	0.00000000	0.00000000
3.22999978	187447.00000000	0.00000000	0.00000000
3.23999977	196673.00000000	0.00000000	0.00000000
3.24999976	188924.00000000	0.00000000	0.00000000
3.25999975	197287.00000000	0.00000000	0.00000000
3.26999974	180191.00000000	0.00000000	0.00000000
3.27999973	177238.00000000	0.00000000	0.00000000
3.28999972	95075.00000000	0.00000000	0.00000000
3.29999971	72936.00000000	0.00000000	0.00000000
3.30999970	96181.00000000	0.00000000	0.00000000
3.31999969	67891.00000000	0.00000000	0.00000000
3.32999969	54362.00000000	0.00000000	0.00000000
3.33999968	46489.00000000	0.00000000	0.00000000
3.34999967	45505.00000000	0.00000000	0.00000000
3.35999966	51164.00000000	0.00000000	0.00000000
3.36999965	63463.00000000	0.00000000	0.00000000
3.37999964	143288.00000000	0.00000000	0.00000000
3.38999963	102947.00000000	0.00000000	0.00000000
3.39999962	188429.00000000	0.00000000	0.00000000
3.40999961	157067.00000000	0.00000000	0.00000000
3.41999960	184127.00000000	0.00000000	0.00000000
3.42999959	194335.00000000	0.00000000	0.00000000
3.43999958	187693.00000000	0.00000000	0.00000000
3.44999957	199501.00000000	0.00000000	0.00000000
3.45999956	181789.00000000	0.00000000	0.00000000
3.46999955	180805.00000000	0.00000000	0.00000000
3.47999954	181911.00000000	0.00000000	0.00000000
3.48999953	119306.00000000	0.00000000	0.00000000
3.49999952	97165.00000000	0.00000000	0.00000000
3.50999951	76133.00000000	0.00000000	0.00000000
3.51999950	58420.00000000	0.00000000	0.00000000
3.52999949	48457.00000000	0.00000000	0.00000000
3.53999949	45506.00000000	0.00000000	0.00000000
3.54999948	50425.00000000	0.00000000	0.00000000
3.55999947	61127.00000000	0.00000000	0.00000000
3.56999946	89538.00000000	0.00000000	0.00000000
3.57999945	100364.00000000	0.00000000	0.00000000
3.58999944	141691.00000000	0.00000000	0.00000000
3.59999943	143783.00000000	0.00000000	0.00000000
3.60999942	171580.00000000	0.00000000	0.00000000
3.61999941	194581.00000000	0.00000000	0.00000000
3.62999940	202576.00000000	0.00000000	0.00000000
3.63999939	198149.00000000	0.00000000	0.00000000
3.64999938	183266.00000000	0.00000000	0.00000000
3.65999937	164078.00000000	0.00000000	0.00000000
3.66999936	99750.00000000	0.00000000	0.00000000
3.67999935	88802.00000000	0.00000000	0.00000000
3.68999934	107497.00000000	0.00000000	0.00000000
3.69999933	73426.00000000	0.00000000	0.00000000
3.70999932	58051.00000000	0.00000000	0.00000000
3.71999931	47720.00000000	0.00000000	0.00000000
3.72999930	45751.00000000	0.00000000	0.00000000
3.73999929	50180.00000000	0.00000000	0.00000000
3.74999928	61618.00000000	0.00000000	0.00000000
3.75999928	95566.00000000	0.00000000	0.00000000
3.76999927	99995.00000000	0.00000000	0.00000000
3.77999926	185724.00000000	0.00000000	0.00000000
3.78999925	156821.00000000	0.00000000	0.00000000
3.79999924	182035.00000000	0.00000000	0.00000000
3.80999923	192983.00000000	0.00000000	0.00000000
3.81999922	199870.00000000	0.00000000	0.00000000
3.82999921	180190.00000000	0.00000000	0.00000000
3.83999920	192121.00000000	0.00000000	0.00000000
3.84999919	172688.00000000	0.00000000	0.00000000
3.85999918	100242.00000000	0.00000000	0.00000000
3.86999917	110819.00000000	0.00000000	0.00000000
3.87999916	101716.00000000	0.00000000	0.00000000
3.88999915	78223.00000000	0.00000000	0.00000000
3.89999914	61127.00000000	0.00000000	0.00000000
3.90999913	49687.00000000	0.00000000	0.00000000
3.91999912	45874.00000000	0.00000000	0.00000000
3.92999911	49073.00000000	0.00000000	0.00000000
3.93999910	57805.00000000	0.00000000	0.00000000
3.94999909	98025.00000000	0.00000000	0.00000000
3.95999908	91263.00000000	0.00000000	0.00000000
3.96999907	141198.00000000	0.00000000	0.00000000
3.97999907	157558.00000000	0.00000000	0.00000000
3.98999906	175271.00000000	0.00000000	0.00000000
3.99999905	189046.00000000	0.00000000	0.00000000
4.00999928	187079.00000000	0.00000000	0.00000000
4.01999950	199501.00000000	0.00000000	0.00000000
4.02999973	194705.00000000	0.00000000	0.00000000
4.03999996	185233.00000000	0.00000000	0.00000000
4.05000019	169735.00000000	0.00000000	0.00000000
4.06000042	151900.00000000	0.00000000	0.00000000
4.07000065	124717.00000000	0.00000000	0.00000000
4.08000088	85850.00000000	0.00000000	0.00000000
4.09000111	69121.00000000	0.00000000	0.00000000
4.10000134	54484.00000000	0.00000000	0.00000000
4.11000156	47228.00000000	0.00000000	0.00000000
4.12000179	46858.00000000	0.00000000	0.00000000
4.13000202	53132.00000000	0.00000000	0.00000000
4.14000225	66415.00000000	0.00000000	0.00000000
4.15000248	146363.00000000	0.00000000	0.00000000
4.16000271	106268.00000000	0.00000000	0.00000000
4.17000294	192119.00000000	0.00000000	0.00000000
4.18000317	152270.00000000	0.00000000	0.00000000
4.19000340	160880.00000000	0.00000000	0.00000000
4.20000362	196919.00000000	0.00000000	0.00000000
4.21000385	199624.00000000	0.00000000	0.00000000
4.22000408	166292.00000000	0.00000000	0.00000000
4.23000431	187939.00000000	0.00000000	0.00000000
4.24000454	173672.00000000	0.00000000	0.00000000
4.25000477	155959.00000000	0.00000000	0.00000000
4.26000500	135910.00000000	0.00000000	0.00000000
4.27000523	135909.00000000	0.00000000	0.00000000
4.28000546	70720.00000000	0.00000000	0.00000000
4.29000568	55838.00000000	0.00000000	0.00000000
4.30000591	47227.00000000	0.00000000	0.00000000
4.31000614	46859.00000000	0.00000000	0.00000000
4.32000637	53008.00000000	0.00000000	0.00000000
4.33000660	66538.00000000	0.00000000	0.00000000
4.34000683	85727.00000000	0.00000000	0.00000000
4.35000706	160508.00000000	0.00000000	0.00000000
4.36000729	126563.00000000	0.00000000	0.00000000
4.37000751	212661.00000000	0.00000000	0.00000000
4.38000774	196180.00000000	0.00000000	0.00000000
4.39000797	194827.00000000	0.00000000	0.00000000
4.40000820	199256.00000000	0.00000000	0.00000000
4.41000843	174410.00000000	0.00000000	0.00000000
4.42000866	177238.00000000	0.00000000	0.00000000
4.43000889	174409.00000000	0.00000000	0.00000000
4.44000912	155959.00000000	0.00000000	0.00000000
4.45000935	136894.00000000	0.00000000	0.00000000
4.46000957	114262.00000000	0.00000000	0.00000000
4.47000980	78838.00000000	0.00000000	0.00000000
4.48001003	47843.00000000	0.00000000	0.00000000
4.49001026	47966.00000000	0.00000000	0.00000000
4.50001049	46981.00000000	0.00000000	0.00000000
4.51001072	54115.00000000	0.00000000	0.00000000
4.52001095	68015.00000000	0.00000000	0.00000000
4.53001118	87817.00000000	0.00000000	0.00000000
4.54001141	174038.00000000	0.00000000	0.00000000
4.55001163	134189.00000000	0.00000000	0.00000000
4.56001186	155714.00000000	0.00000000	0.00000000
4.57001209	175271.00000000	0.00000000	0.00000000
4.58001232	188677.00000000	0.00000000	0.00000000
4.59001255	173918.00000000	0.00000000	0.00000000
4.60001278	194950.00000000	0.00000000	0.00000000
4.61001301	185603.00000000	0.00000000	0.00000000
4.62001324	119307.00000000	0.00000000	0.00000000
4.63001347	121767.00000000	0.00000000	0.00000000
4.64001369	132466.00000000	0.00000000	0.00000000
4.65001392	112909.00000000	0.00000000	0.00000000
4.66001415	38620.00000000	0.00000000	0.00000000
4.67001438	11192.00000000	0.00000000	0.00000000
4.68001461	70104.00000000	0.00000000	0.00000000
4.69001484	46243.00000000	0.00000000	0.00000000
4.70001507	50672.00000000	0.00000000	0.00000000
4.71001530	61003.00000000	0.00000000	0.00000000
4.72001553	77363.00000000	0.00000000	0.00000000
4.73001575	96427.00000000	0.00000000	0.00000000
4.74001598	130006.00000000	0.00000000	0.00000000
4.75001621	139847.00000000	0.00000000	0.00000000
4.76001644	162724.00000000	0.00000000	0.00000000
4.77001667	198763.00000000	0.00000000	0.00000000
4.78001690	190523.00000000	0.00000000	0.00000000
4.79001713	169982.00000000	0.00000000	0.00000000
4.80001736	192367.00000000	0.00000000	0.00000000
4.81001759	180191.00000000	0.00000000	0.00000000
4.82001781	165676.00000000	0.00000000	0.00000000
4.83001804	111065.00000000	0.00000000	0.00000000
4.84001827	60760.00000000	0.00000000	0.00000000
4.85001850	41449.00000000	0.00000000	0.00000000
4.86001873	77978.00000000	0.00000000	0.00000000
4.87001896	63832.00000000	0.00000000	0.00000000
4.88001919	58911.00000000	0.00000000	0.00000000
4.89001942	48088.00000000	0.00000000	0.00000000
4.90001965	56945.00000000	0.00000000	0.00000000
4.91001987	72442.00000000	0.00000000	0.00000000
4.92002010	91507.00000000	0.00000000	0.00000000
4.93002033	175391.00000000	0.00000000	0.00000000
4.94002056	134435.00000000	0.00000000	0.00000000
4.95002079	156821.00000000	0.00000000	0.00000000
4.96002102	228282.00000000	0.00000000	0.00000000
4.97002125	188062.00000000	0.00000000	0.00000000
4.98002148	230620.00000000	0.00000000	0.00000000
4.99002171	193844.00000000	0.00000000	0.00000000
5.00002193	184864.00000000	0.00000000	0.00000000
5.01002216	169736.00000000	0.00000000	0.00000000
5.02002239	152392.00000000	0.00000000	0.00000000
5.03002262	129022.00000000	0.00000000	0.00000000
5.04002285	44278.00000000	0.00000000	0.00000000
5.05002308	24845.00000000	0.00000000	0.00000000
5.06002331	67276.00000000	0.00000000	0.00000000
5.07002354	53993.00000000	0.00000000	0.00000000
5.08002377	44030.00000000	0.00000000	0.00000000
5.09002399	54608.00000000	0.00000000	0.00000000
5.10002422	67645.00000000	0.00000000	0.00000000
5.11002445	87572.00000000	0.00000000	0.00000000
5.12002468	108358.00000000	0.00000000	0.00000000
5.13002491	179204.00000000	0.00000000	0.00000000
5.14002514	150671.00000000	0.00000000	0.00000000
5.15002537	232587.00000000	0.00000000	0.00000000
5.16002560	184619.00000000	0.00000000	0.00000000
5.17002583	195196.00000000	0.00000000	0.00000000
5.18002605	156699.00000000	0.00000000	0.00000000
5.19002628	185725.00000000	0.00000000	0.00000000
5.20002651	170228.00000000	0.00000000	0.00000000
5.21002674	152515.00000000	0.00000000	0.00000000
5.22002697	70230.00000000	0.00000000	0.00000000
5.23002720	46123.00000000	0.00000000	0.00000000
5.24002743	64571.00000000	0.00000000	0.00000000
5.25002766	69491.00000000	0.00000000	0.00000000
5.26002789	54238.00000000	0.00000000	0.00000000
5.27002811	52516.00000000	0.00000000	0.00000000
5.28002834	56821.00000000	0.00000000	0.00000000
5.29002857	71213.00000000	0.00000000	0.00000000
5.30002880	91261.00000000	0.00000000	0.00000000
5.31002903	111310.00000000	0.00000000	0.00000000
5.32002926	146488.00000000	0.00000000	0.00000000
5.33002949	159649.00000000	0.00000000	0.00000000
5.34002972	174410.00000000	0.00000000	0.00000000
5.35002995	188554.00000000	0.00000000	0.00000000
5.36003017	198394.00000000	0.00000000	0.00000000
5.37003040	191752.00000000	0.00000000	0.00000000
5.38003063	181298.00000000	0.00000000	0.00000000
5.39003086	166168.00000000	0.00000000	0.00000000
5.40003109	125456.00000000	0.00000000	0.00000000
5.41003132	78717.00000000	0.00000000	0.00000000
5.42003155	41449.00000000	0.00000000	0.00000000
5.43003178	57192.00000000	0.00000000	0.00000000
5.44003201	67522.00000000	0.00000000	0.00000000
5.45003223	65061.00000000	0.00000000	0.00000000
5.46003246	49318.00000000	0.00000000	0.00000000
5.47003269	55592.00000000	0.00000000	0.00000000
5.48003292	70105.00000000	0.00000000	0.00000000
5.49003315	88309.00000000	0.00000000	0.00000000
5.50003338	118444.00000000	0.00000000	0.00000000
5.51003361	131729.00000000	0.00000000	0.00000000
5.52003384	153008.00000000	0.00000000	0.00000000
5.53003407	170597.00000000	0.00000000	0.00000000
5.54003429	199993.00000000	0.00000000	0.00000000
5.55003452	197410.00000000	0.00000000	0.00000000
5.56003475	194213.00000000	0.00000000	0.00000000
5.57003498	184864.00000000	0.00000000	0.00000000
5.58003521	167890.00000000	0.00000000	0.00000000
5.59003544	152884.00000000	0.00000000	0.00000000
5.60003567	132835.00000000	0.00000000	0.00000000
5.61003590	62481.00000000	0.00000000	0.00000000
5.62003613	26566.00000000	0.00000000	0.00000000
5.63003635	70474.00000000	0.00000000	0.00000000
5.64003658	55100.00000000	0.00000000	0.00000000
5.65003681	55345.00000000	0.00000000	0.00000000
5.66003704	55345.00000000	0.00000000	0.00000000
5.67003727	69121.00000000	0.00000000	0.00000000
5.68003750	88556.00000000	0.00000000	0.00000000
5.69003773	107128.00000000	0.00000000	0.00000000
5.70003796	129515.00000000	0.00000000	0.00000000
5.71003819	145873.00000000	0.00000000	0.00000000
5.72003841	177361.00000000	0.00000000	0.00000000
5.73003864	197410.00000000	0.00000000	0.00000000
5.74003887	198149.00000000	0.00000000	0.00000000
5.75003910	196549.00000000	0.00000000	0.00000000
5.76003933	187570.00000000	0.00000000	0.00000000
5.77003956	174041.00000000	0.00000000	0.00000000
5.78003979	109590.00000000	0.00000000	0.00000000
5.79004002	116354.00000000	0.00000000	0.00000000
5.80004025	112909.00000000	0.00000000	0.00000000
5.81004047	28657.00000000	0.00000000	0.00000000
5.82004070	13898.00000000	0.00000000	0.00000000
5.83004093	71826.00000000	0.00000000	0.00000000
5.84004116	47965.00000000	0.00000000	0.00000000
5.85004139	53869.00000000	0.00000000	0.00000000
5.86004162	67400.00000000	0.00000000	0.00000000
5.87004185	83758.00000000	0.00000000	0.00000000
5.88004208	103562.00000000	0.00000000	0.00000000
5.89004230	135173.00000000	0.00000000	0.00000000
5.90004253	145751.00000000	0.00000000	0.00000000
5.91004276	163094.00000000	0.00000000	0.00000000
5.92004299	197533.00000000	0.00000000	0.00000000
5.93004322	197041.00000000	0.00000000	0.00000000
5.94004345	196918.00000000	0.00000000	0.00000000
5.95004368	191998.00000000	0.00000000	0.00000000
5.96004391	182281.00000000	0.00000000	0.00000000
5.97004414	166292.00000000	0.00000000	0.00000000
5.98004436	147841.00000000	0.00000000	0.00000000
5.99004459	128161.00000000	0.00000000	0.00000000
6.00004482	77732.00000000	0.00000000	0.00000000
