Position	Counts A	Counts B	Counts AB
3.00999999	243038.00000000	0.00000000	0.00000000
3.01999998	213519.00000000	0.00000000	0.00000000
3.02999997	256200.00000000	0.00000000	0.00000000
3.03999996	289532.00000000	0.00000000	0.00000000
3.04999995	322989.00000000	0.00000000	0.00000000
3.05999994	364562.00000000	0.00000000	0.00000000
3.06999993	363087.00000000	0.00000000	0.00000000
3.07999992	368130.00000000	0.00000000	0.00000000
3.08999991	363455.00000000	0.00000000	0.00000000
3.09999990	344268.00000000	0.00000000	0.00000000
3.10999990	318560.00000000	0.00000000	0.00000000
3.11999989	260136.00000000	0.00000000	0.00000000
3.12999988	219054.00000000	0.00000000	0.00000000
3.13999987	182031.00000000	0.00000000	0.00000000
3.14999986	157677.00000000	0.00000000	0.00000000
3.15999985	134921.00000000	0.00000000	0.00000000
3.16999984	121392.00000000	0.00000000	0.00000000
3.17999983	101221.00000000	0.00000000	0.00000000
3.18999982	134553.00000000	0.00000000	0.00000000
3.19999981	160014.00000000	0.00000000	0.00000000
3.20999980	197406.00000000	0.00000000	0.00000000
3.21999979	238365.00000000	0.00000000	0.00000000
3.22999978	301586.00000000	0.00000000	0.00000000
3.23999977	324957.00000000	0.00000000	0.00000000
3.24999976	355338.00000000	0.00000000	0.00000000
3.25999975	374402.00000000	0.00000000	0.00000000
3.26999974	355830.00000000	0.00000000	0.00000000
3.27999973	329877.00000000	0.00000000	0.00000000
3.28999972	251774.00000000	0.00000000	0.00000000
3.29999971	203803.00000000	0.00000000	0.00000000
3.30999970	144518.00000000	0.00000000	0.00000000
3.31999969	130250.00000000	0.00000000	0.00000000
3.32999969	136891.00000000	0.00000000	0.00000000
3.33999968	113152.00000000	0.00000000	0.00000000
3.34999967	118686.00000000	0.00000000	0.00000000
3.35999966	118194.00000000	0.00000000	0.00000000
3.36999965	128648.00000000	0.00000000	0.00000000
3.37999964	148206.00000000	0.00000000	0.00000000
3.38999963	189411.00000000	0.00000000	0.00000000
3.39999962	223113.00000000	0.00000000	0.00000000
3.40999961	322495.00000000	0.00000000	0.00000000
3.41999960	310320.00000000	0.00000000	0.00000000
3.42999959	341316.00000000	0.00000000	0.00000000
3.43999958	360011.00000000	0.00000000	0.00000000
3.44999957	385596.00000000	0.00000000	0.00000000
3.45999956	369851.00000000	0.00000000	0.00000000
3.46999955	359889.00000000	0.00000000	0.00000000
3.47999954	305278.00000000	0.00000000	0.00000000
3.48999953	311919.00000000	0.00000000	0.00000000
3.49999952	265547.00000000	0.00000000	0.00000000
3.50999951	230370.00000000	0.00000000	0.00000000
3.51999950	191379.00000000	0.00000000	0.00000000
3.52999949	160506.00000000	0.00000000	0.00000000
3.53999949	134307.00000000	0.00000000	0.00000000
3.54999948	119915.00000000	0.00000000	0.00000000
3.55999947	118194.00000000	0.00000000	0.00000000
3.56999946	129756.00000000	0.00000000	0.00000000
3.57999945	196788.00000000	0.00000000	0.00000000
3.58999944	194208.00000000	0.00000000	0.00000000
3.59999943	237012.00000000	0.00000000	0.00000000
3.60999942	279447.00000000	0.00000000	0.00000000
3.61999941	354352.00000000	0.00000000	0.00000000
3.62999940	343530.00000000	0.00000000	0.00000000
3.63999939	360872.00000000	0.00000000	0.00000000
3.64999938	341685.00000000	0.00000000	0.00000000
3.65999937	365177.00000000	0.00000000	0.00000000
3.66999936	352263.00000000	0.00000000	0.00000000
3.67999935	315117.00000000	0.00000000	0.00000000
3.68999934	286457.00000000	0.00000000	0.00000000
3.69999933	248205.00000000	0.00000000	0.00000000
3.70999932	217947.00000000	0.00000000	0.00000000
3.71999931	184737.00000000	0.00000000	0.00000000
3.72999930	156816.00000000	0.00000000	0.00000000
3.73999929	135536.00000000	0.00000000	0.00000000
3.74999928	123114.00000000	0.00000000	0.00000000
3.75999928	96916.00000000	0.00000000	0.00000000
3.76999927	126066.00000000	0.00000000	0.00000000
3.77999926	147960.00000000	0.00000000	0.00000000
3.78999925	179817.00000000	0.00000000	0.00000000
3.79999924	217578.00000000	0.00000000	0.00000000
3.80999923	282275.00000000	0.00000000	0.00000000
3.81999922	296175.00000000	0.00000000	0.00000000
3.82999921	329140.00000000	0.00000000	0.00000000
3.83999920	353124.00000000	0.00000000	0.00000000
3.84999919	347220.00000000	0.00000000	0.00000000
3.85999918	367761.00000000	0.00000000	0.00000000
3.86999917	349926.00000000	0.00000000	0.00000000
3.87999916	326186.00000000	0.00000000	0.00000000
3.88999915	290516.00000000	0.00000000	0.00000000
3.89999914	226557.00000000	0.00000000	0.00000000
3.90999913	192241.00000000	0.00000000	0.00000000
3.91999912	175019.00000000	0.00000000	0.00000000
3.92999911	82404.00000000	0.00000000	0.00000000
3.93999910	116595.00000000	0.00000000	0.00000000
3.94999909	116840.00000000	0.00000000	0.00000000
3.95999908	129264.00000000	0.00000000	0.00000000
3.96999907	154110.00000000	0.00000000	0.00000000
3.97999907	188796.00000000	0.00000000	0.00000000
3.98999906	280552.00000000	0.00000000	0.00000000
3.99999905	268746.00000000	0.00000000	0.00000000
4.00999928	307984.00000000	0.00000000	0.00000000
4.01999950	362594.00000000	0.00000000	0.00000000
4.02999973	370836.00000000	0.00000000	0.00000000
4.03999996	362349.00000000	0.00000000	0.00000000
4.05000019	343775.00000000	0.00000000	0.00000000
4.06000042	309213.00000000	0.00000000	0.00000000
4.07000065	254601.00000000	0.00000000	0.00000000
4.08000088	233321.00000000	0.00000000	0.00000000
4.09000111	180679.00000000	0.00000000	0.00000000
4.10000134	167639.00000000	0.00000000	0.00000000
4.11000156	85233.00000000	0.00000000	0.00000000
4.12000179	117456.00000000	0.00000000	0.00000000
4.13000202	115364.00000000	0.00000000	0.00000000
4.14000225	124098.00000000	0.00000000	0.00000000
4.15000248	144639.00000000	0.00000000	0.00000000
4.16000271	170223.00000000	0.00000000	0.00000000
4.17000294	205647.00000000	0.00000000	0.00000000
4.18000317	297772.00000000	0.00000000	0.00000000
4.19000340	280554.00000000	0.00000000	0.00000000
4.20000362	356321.00000000	0.00000000	0.00000000
4.21000385	342792.00000000	0.00000000	0.00000000
4.22000408	368253.00000000	0.00000000	0.00000000
4.23000431	371205.00000000	0.00000000	0.00000000
4.24000454	349926.00000000	0.00000000	0.00000000
4.25000477	343530.00000000	0.00000000	0.00000000
4.26000500	320651.00000000	0.00000000	0.00000000
4.27000523	289164.00000000	0.00000000	0.00000000
4.28000546	222006.00000000	0.00000000	0.00000000
4.29000568	193101.00000000	0.00000000	0.00000000
4.30000591	157800.00000000	0.00000000	0.00000000
4.31000614	133446.00000000	0.00000000	0.00000000
4.32000637	118439.00000000	0.00000000	0.00000000
4.33000660	116718.00000000	0.00000000	0.00000000
4.34000683	126189.00000000	0.00000000	0.00000000
4.35000706	148575.00000000	0.00000000	0.00000000
4.36000729	243405.00000000	0.00000000	0.00000000
4.37000751	217209.00000000	0.00000000	0.00000000
4.38000774	319297.00000000	0.00000000	0.00000000
4.39000797	312533.00000000	0.00000000	0.00000000
4.40000820	343407.00000000	0.00000000	0.00000000
4.41000843	370467.00000000	0.00000000	0.00000000
4.42000866	370590.00000000	0.00000000	0.00000000
4.43000889	368622.00000000	0.00000000	0.00000000
4.44000912	304786.00000000	0.00000000	0.00000000
4.45000935	325080.00000000	0.00000000	0.00000000
4.46000957	243778.00000000	0.00000000	0.00000000
4.47000980	229509.00000000	0.00000000	0.00000000
4.48001003	189903.00000000	0.00000000	0.00000000
4.49001026	154479.00000000	0.00000000	0.00000000
4.50001049	128403.00000000	0.00000000	0.00000000
4.51001072	116225.00000000	0.00000000	0.00000000
4.52001095	116841.00000000	0.00000000	0.00000000
4.53001118	129510.00000000	0.00000000	0.00000000
4.54001141	217574.00000000	0.00000000	0.00000000
4.55001163	189289.00000000	0.00000000	0.00000000
4.56001186	224959.00000000	0.00000000	0.00000000
4.57001209	289410.00000000	0.00000000	0.00000000
4.58001232	321881.00000000	0.00000000	0.00000000
4.59001255	344637.00000000	0.00000000	0.00000000
4.60001278	366162.00000000	0.00000000	0.00000000
4.61001301	370959.00000000	0.00000000	0.00000000
4.62001324	364439.00000000	0.00000000	0.00000000
4.63001347	348696.00000000	0.00000000	0.00000000
4.64001369	305523.00000000	0.00000000	0.00000000
4.65001392	269360.00000000	0.00000000	0.00000000
4.66001415	233937.00000000	0.00000000	0.00000000
4.67001438	196176.00000000	0.00000000	0.00000000
4.68001461	166041.00000000	0.00000000	0.00000000
4.69001484	139472.00000000	0.00000000	0.00000000
4.70001507	121884.00000000	0.00000000	0.00000000
4.71001530	114627.00000000	0.00000000	0.00000000
4.72001553	136519.00000000	0.00000000	0.00000000
4.73001575	147591.00000000	0.00000000	0.00000000
4.74001598	173667.00000000	0.00000000	0.00000000
4.75001621	209460.00000000	0.00000000	0.00000000
4.76001644	292360.00000000	0.00000000	0.00000000
4.77001667	287688.00000000	0.00000000	0.00000000
4.78001690	358904.00000000	0.00000000	0.00000000
4.79001713	357060.00000000	0.00000000	0.00000000
4.80001736	370959.00000000	0.00000000	0.00000000
4.81001759	370959.00000000	0.00000000	0.00000000
4.82001781	357552.00000000	0.00000000	0.00000000
4.83001804	309459.00000000	0.00000000	0.00000000
4.84001827	301709.00000000	0.00000000	0.00000000
4.85001850	259890.00000000	0.00000000	0.00000000
4.86001873	219914.00000000	0.00000000	0.00000000
4.87001896	175880.00000000	0.00000000	0.00000000
4.88001919	133815.00000000	0.00000000	0.00000000
4.89001942	117579.00000000	0.00000000	0.00000000
4.90001965	115364.00000000	0.00000000	0.00000000
4.91001987	127911.00000000	0.00000000	0.00000000
4.92002010	153987.00000000	0.00000000	0.00000000
4.93002033	212165.00000000	0.00000000	0.00000000
4.94002056	230247.00000000	0.00000000	0.00000000
4.95002079	271821.00000000	0.00000000	0.00000000
4.96002102	329631.00000000	0.00000000	0.00000000
4.97002125	352877.00000000	0.00000000	0.00000000
4.98002148	367761.00000000	0.00000000	0.00000000
4.99002171	406997.00000000	0.00000000	0.00000000
5.00002193	370221.00000000	0.00000000	0.00000000
5.01002216	356445.00000000	0.00000000	0.00000000
5.02002239	336150.00000000	0.00000000	0.00000000
5.03002262	270099.00000000	0.00000000	0.00000000
5.04002285	223852.00000000	0.00000000	0.00000000
5.05002308	212043.00000000	0.00000000	0.00000000
5.06002331	172929.00000000	0.00000000	0.00000000
5.07002354	144393.00000000	0.00000000	0.00000000
5.08002377	124098.00000000	0.00000000	0.00000000
5.09002399	113519.00000000	0.00000000	0.00000000
5.10002422	118317.00000000	0.00000000	0.00000000
5.11002445	135168.00000000	0.00000000	0.00000000
5.12002468	187687.00000000	0.00000000	0.00000000
5.13002491	194824.00000000	0.00000000	0.00000000
5.14002514	253863.00000000	0.00000000	0.00000000
5.15002537	292116.00000000	0.00000000	0.00000000
5.16002560	323726.00000000	0.00000000	0.00000000
5.17002583	349187.00000000	0.00000000	0.00000000
5.18002605	388302.00000000	0.00000000	0.00000000
5.19002628	372681.00000000	0.00000000	0.00000000
5.20002651	375263.00000000	0.00000000	0.00000000
5.21002674	342177.00000000	0.00000000	0.00000000
5.22002697	311058.00000000	0.00000000	0.00000000
5.23002720	272312.00000000	0.00000000	0.00000000
5.24002743	231354.00000000	0.00000000	0.00000000
5.25002766	190149.00000000	0.00000000	0.00000000
5.26002789	153126.00000000	0.00000000	0.00000000
5.27002811	126803.00000000	0.00000000	0.00000000
5.28002834	121884.00000000	0.00000000	0.00000000
5.29002857	119300.00000000	0.00000000	0.00000000
5.30002880	139227.00000000	0.00000000	0.00000000
5.31002903	167517.00000000	0.00000000	0.00000000
5.32002926	207492.00000000	0.00000000	0.00000000
5.33002949	244761.00000000	0.00000000	0.00000000
5.34002972	281415.00000000	0.00000000	0.00000000
5.35002995	319054.00000000	0.00000000	0.00000000
5.36003017	346482.00000000	0.00000000	0.00000000
5.37003040	363948.00000000	0.00000000	0.00000000
5.38003063	374403.00000000	0.00000000	0.00000000
5.39003086	365424.00000000	0.00000000	0.00000000
5.40003109	310198.00000000	0.00000000	0.00000000
5.41003132	323973.00000000	0.00000000	0.00000000
5.42003155	290516.00000000	0.00000000	0.00000000
5.43003178	254601.00000000	0.00000000	0.00000000
5.44003201	220406.00000000	0.00000000	0.00000000
5.45003223	164811.00000000	0.00000000	0.00000000
5.46003246	136644.00000000	0.00000000	0.00000000
5.47003269	118932.00000000	0.00000000	0.00000000
5.48003292	112043.00000000	0.00000000	0.00000000
5.49003315	119178.00000000	0.00000000	0.00000000
5.50003338	136890.00000000	0.00000000	0.00000000
5.51003361	205030.00000000	0.00000000	0.00000000
5.52003384	199374.00000000	0.00000000	0.00000000
5.53003407	261981.00000000	0.00000000	0.00000000
5.54003429	299496.00000000	0.00000000	0.00000000
5.55003452	333074.00000000	0.00000000	0.00000000
5.56003475	372804.00000000	0.00000000	0.00000000
5.57003498	370958.00000000	0.00000000	0.00000000
5.58003521	384858.00000000	0.00000000	0.00000000
5.59003544	365054.00000000	0.00000000	0.00000000
5.60003567	376247.00000000	0.00000000	0.00000000
5.61003590	301587.00000000	0.00000000	0.00000000
5.62003613	263702.00000000	0.00000000	0.00000000
5.63003635	219423.00000000	0.00000000	0.00000000
5.64003658	181416.00000000	0.00000000	0.00000000
5.65003681	149805.00000000	0.00000000	0.00000000
5.66003704	126435.00000000	0.00000000	0.00000000
5.67003727	113765.00000000	0.00000000	0.00000000
5.68003750	114504.00000000	0.00000000	0.00000000
5.69003773	139349.00000000	0.00000000	0.00000000
5.70003796	169116.00000000	0.00000000	0.00000000
5.71003819	208353.00000000	0.00000000	0.00000000
5.72003841	250665.00000000	0.00000000	0.00000000
5.73003864	306383.00000000	0.00000000	0.00000000
5.74003887	319791.00000000	0.00000000	0.00000000
5.75003910	383381.00000000	0.00000000	0.00000000
5.76003933	366654.00000000	0.00000000	0.00000000
5.77003956	383504.00000000	0.00000000	0.00000000
5.78003979	362226.00000000	0.00000000	0.00000000
5.79004002	328893.00000000	0.00000000	0.00000000
5.80004025	293715.00000000	0.00000000	0.00000000
5.81004047	273419.00000000	0.00000000	0.00000000
5.82004070	233198.00000000	0.00000000	0.00000000
5.83004093	191379.00000000	0.00000000	0.00000000
5.84004116	158045.00000000	0.00000000	0.00000000
5.85004139	120408.00000000	0.00000000	0.00000000
5.86004162	111183.00000000	0.00000000	0.00000000
5.87004185	114257.00000000	0.00000000	0.00000000
5.88004208	132585.00000000	0.00000000	0.00000000
5.89004230	161859.00000000	0.00000000	0.00000000
5.90004253	197160.00000000	0.00000000	0.00000000
5.91004276	297771.00000000	0.00000000	0.00000000
5.92004299	275880.00000000	0.00000000	0.00000000
5.93004322	324219.00000000	0.00000000	0.00000000
5.94004345	342915.00000000	0.00000000	0.00000000
5.95004368	370590.00000000	0.00000000	0.00000000
5.96004391	375141.00000000	0.00000000	0.00000000
5.97004414	334305.00000000	0.00000000	0.00000000
5.98004436	349926.00000000	0.00000000	0.00000000
5.99004459	323358.00000000	0.00000000	0.00000000
6.00004482	266040.00000000	0.00000000	0.00000000
