Position	Counts A	Counts B	Counts AB
3.00999999	237750.00000000	0.00000000	0.00000000
3.01999998	242670.00000000	0.00000000	0.00000000
3.02999997	242547.00000000	0.00000000	0.00000000
3.03999996	240333.00000000	0.00000000	0.00000000
3.04999995	236889.00000000	0.00000000	0.00000000
3.05999994	230984.00000000	0.00000000	0.00000000
3.06999993	228033.00000000	0.00000000	0.00000000
3.07999992	224097.00000000	0.00000000	0.00000000
3.08999991	200604.00000000	0.00000000	0.00000000
3.09999990	220653.00000000	0.00000000	0.00000000
3.10999990	220284.00000000	0.00000000	0.00000000
3.11999989	268621.00000000	0.00000000	0.00000000
3.12999988	225941.00000000	0.00000000	0.00000000
3.13999987	230124.00000000	0.00000000	0.00000000
3.14999986	233199.00000000	0.00000000	0.00000000
3.15999985	237627.00000000	0.00000000	0.00000000
3.16999984	263210.00000000	0.00000000	0.00000000
3.17999983	244392.00000000	0.00000000	0.00000000
3.18999982	246975.00000000	0.00000000	0.00000000
3.19999981	265301.00000000	0.00000000	0.00000000
3.20999980	247713.00000000	0.00000000	0.00000000
3.21999979	246729.00000000	0.00000000	0.00000000
3.22999978	244023.00000000	0.00000000	0.00000000
3.23999977	240579.00000000	0.00000000	0.00000000
3.24999976	236028.00000000	0.00000000	0.00000000
3.25999975	232461.00000000	0.00000000	0.00000000
3.26999974	228155.00000000	0.00000000	0.00000000
3.27999973	229017.00000000	0.00000000	0.00000000
3.28999972	221514.00000000	0.00000000	0.00000000
3.29999971	219792.00000000	0.00000000	0.00000000
3.30999970	226433.00000000	0.00000000	0.00000000
3.31999969	223359.00000000	0.00000000	0.00000000
3.32999969	224466.00000000	0.00000000	0.00000000
3.33999968	228278.00000000	0.00000000	0.00000000
3.34999967	251034.00000000	0.00000000	0.00000000
3.35999966	239595.00000000	0.00000000	0.00000000
3.36999965	243039.00000000	0.00000000	0.00000000
3.37999964	246360.00000000	0.00000000	0.00000000
3.38999963	251771.00000000	0.00000000	0.00000000
3.39999962	248082.00000000	0.00000000	0.00000000
3.40999961	248205.00000000	0.00000000	0.00000000
3.41999960	246605.00000000	0.00000000	0.00000000
3.42999959	241440.00000000	0.00000000	0.00000000
3.43999958	236643.00000000	0.00000000	0.00000000
3.44999957	234182.00000000	0.00000000	0.00000000
3.45999956	228402.00000000	0.00000000	0.00000000
3.46999955	201711.00000000	0.00000000	0.00000000
3.47999954	222374.00000000	0.00000000	0.00000000
3.48999953	220776.00000000	0.00000000	0.00000000
3.49999952	220530.00000000	0.00000000	0.00000000
3.50999951	222498.00000000	0.00000000	0.00000000
3.51999950	225818.00000000	0.00000000	0.00000000
3.52999949	229509.00000000	0.00000000	0.00000000
3.53999949	230001.00000000	0.00000000	0.00000000
3.54999948	238241.00000000	0.00000000	0.00000000
3.55999947	241686.00000000	0.00000000	0.00000000
3.56999946	244515.00000000	0.00000000	0.00000000
3.57999945	247959.00000000	0.00000000	0.00000000
3.58999944	248327.00000000	0.00000000	0.00000000
3.59999943	248082.00000000	0.00000000	0.00000000
3.60999942	245376.00000000	0.00000000	0.00000000
3.61999941	233199.00000000	0.00000000	0.00000000
3.62999940	238365.00000000	0.00000000	0.00000000
3.63999939	233445.00000000	0.00000000	0.00000000
3.64999938	228402.00000000	0.00000000	0.00000000
3.65999937	222989.00000000	0.00000000	0.00000000
3.66999936	221883.00000000	0.00000000	0.00000000
3.67999935	220161.00000000	0.00000000	0.00000000
3.68999934	221145.00000000	0.00000000	0.00000000
3.69999933	204172.00000000	0.00000000	0.00000000
3.70999932	225942.00000000	0.00000000	0.00000000
3.71999931	229509.00000000	0.00000000	0.00000000
3.72999930	236519.00000000	0.00000000	0.00000000
3.73999929	240948.00000000	0.00000000	0.00000000
3.74999928	244392.00000000	0.00000000	0.00000000
3.75999928	246729.00000000	0.00000000	0.00000000
3.76999927	248082.00000000	0.00000000	0.00000000
3.77999926	261242.00000000	0.00000000	0.00000000
3.78999925	247836.00000000	0.00000000	0.00000000
3.79999924	245499.00000000	0.00000000	0.00000000
3.80999923	236274.00000000	0.00000000	0.00000000
3.81999922	236274.00000000	0.00000000	0.00000000
3.82999921	231846.00000000	0.00000000	0.00000000
3.83999920	227910.00000000	0.00000000	0.00000000
3.84999919	247097.00000000	0.00000000	0.00000000
3.85999918	221268.00000000	0.00000000	0.00000000
3.86999917	219545.00000000	0.00000000	0.00000000
3.87999916	220038.00000000	0.00000000	0.00000000
3.88999915	222744.00000000	0.00000000	0.00000000
3.89999914	225081.00000000	0.00000000	0.00000000
3.90999913	229263.00000000	0.00000000	0.00000000
3.91999912	233936.00000000	0.00000000	0.00000000
3.92999911	232953.00000000	0.00000000	0.00000000
3.93999910	241440.00000000	0.00000000	0.00000000
3.94999909	244760.00000000	0.00000000	0.00000000
3.95999908	248943.00000000	0.00000000	0.00000000
3.96999907	248328.00000000	0.00000000	0.00000000
3.97999907	248082.00000000	0.00000000	0.00000000
3.98999906	246605.00000000	0.00000000	0.00000000
3.99999905	251526.00000000	0.00000000	0.00000000
4.00999928	239225.00000000	0.00000000	0.00000000
4.01999950	235536.00000000	0.00000000	0.00000000
4.02999973	230862.00000000	0.00000000	0.00000000
4.03999996	224589.00000000	0.00000000	0.00000000
4.05000019	222005.00000000	0.00000000	0.00000000
4.06000042	220530.00000000	0.00000000	0.00000000
4.07000065	219669.00000000	0.00000000	0.00000000
4.08000088	193348.00000000	0.00000000	0.00000000
4.09000111	224343.00000000	0.00000000	0.00000000
4.10000134	227049.00000000	0.00000000	0.00000000
4.11000156	228894.00000000	0.00000000	0.00000000
4.12000179	237011.00000000	0.00000000	0.00000000
4.13000202	240702.00000000	0.00000000	0.00000000
4.14000225	226927.00000000	0.00000000	0.00000000
4.15000248	246852.00000000	0.00000000	0.00000000
4.16000271	248942.00000000	0.00000000	0.00000000
4.17000294	248328.00000000	0.00000000	0.00000000
4.18000317	247713.00000000	0.00000000	0.00000000
4.19000340	244391.00000000	0.00000000	0.00000000
4.20000362	241071.00000000	0.00000000	0.00000000
4.21000385	209953.00000000	0.00000000	0.00000000
4.22000408	233444.00000000	0.00000000	0.00000000
4.23000431	229878.00000000	0.00000000	0.00000000
4.24000454	223605.00000000	0.00000000	0.00000000
4.25000477	221760.00000000	0.00000000	0.00000000
4.26000500	219299.00000000	0.00000000	0.00000000
4.27000523	220653.00000000	0.00000000	0.00000000
4.28000546	223727.00000000	0.00000000	0.00000000
4.29000568	226065.00000000	0.00000000	0.00000000
4.30000591	230616.00000000	0.00000000	0.00000000
4.31000614	235905.00000000	0.00000000	0.00000000
4.32000637	248205.00000000	0.00000000	0.00000000
4.33000660	247958.00000000	0.00000000	0.00000000
4.34000683	249189.00000000	0.00000000	0.00000000
4.35000706	248820.00000000	0.00000000	0.00000000
4.36000729	254723.00000000	0.00000000	0.00000000
4.37000751	246237.00000000	0.00000000	0.00000000
4.38000774	243162.00000000	0.00000000	0.00000000
4.39000797	239964.00000000	0.00000000	0.00000000
4.40000820	235043.00000000	0.00000000	0.00000000
4.41000843	229509.00000000	0.00000000	0.00000000
4.42000866	226188.00000000	0.00000000	0.00000000
4.43000889	196668.00000000	0.00000000	0.00000000
4.44000912	220530.00000000	0.00000000	0.00000000
4.45000935	220284.00000000	0.00000000	0.00000000
4.46000957	234183.00000000	0.00000000	0.00000000
4.47000980	224957.00000000	0.00000000	0.00000000
4.48001003	228894.00000000	0.00000000	0.00000000
4.49001026	233691.00000000	0.00000000	0.00000000
4.50001049	238365.00000000	0.00000000	0.00000000
4.51001072	236274.00000000	0.00000000	0.00000000
4.52001095	245253.00000000	0.00000000	0.00000000
4.53001118	247590.00000000	0.00000000	0.00000000
4.54001141	249681.00000000	0.00000000	0.00000000
4.55001163	249312.00000000	0.00000000	0.00000000
4.56001186	247098.00000000	0.00000000	0.00000000
4.57001209	243162.00000000	0.00000000	0.00000000
4.58001232	239595.00000000	0.00000000	0.00000000
4.59001255	268745.00000000	0.00000000	0.00000000
4.60001278	229263.00000000	0.00000000	0.00000000
4.61001301	225449.00000000	0.00000000	0.00000000
4.62001324	222129.00000000	0.00000000	0.00000000
4.63001347	212904.00000000	0.00000000	0.00000000
4.64001369	220653.00000000	0.00000000	0.00000000
4.65001392	222128.00000000	0.00000000	0.00000000
4.66001415	224958.00000000	0.00000000	0.00000000
4.67001438	209337.00000000	0.00000000	0.00000000
4.68001461	231968.00000000	0.00000000	0.00000000
4.69001484	236766.00000000	0.00000000	0.00000000
4.70001507	242793.00000000	0.00000000	0.00000000
4.71001530	245868.00000000	0.00000000	0.00000000
4.72001553	248204.00000000	0.00000000	0.00000000
4.73001575	249066.00000000	0.00000000	0.00000000
4.74001598	263826.00000000	0.00000000	0.00000000
4.75001621	247959.00000000	0.00000000	0.00000000
4.76001644	245990.00000000	0.00000000	0.00000000
4.77001667	243162.00000000	0.00000000	0.00000000
4.78001690	238488.00000000	0.00000000	0.00000000
4.79001713	234674.00000000	0.00000000	0.00000000
4.80001736	230862.00000000	0.00000000	0.00000000
4.81001759	227910.00000000	0.00000000	0.00000000
4.82001781	224097.00000000	0.00000000	0.00000000
4.83001804	221022.00000000	0.00000000	0.00000000
4.84001827	219054.00000000	0.00000000	0.00000000
4.85001850	220284.00000000	0.00000000	0.00000000
4.86001873	249433.00000000	0.00000000	0.00000000
4.87001896	227295.00000000	0.00000000	0.00000000
4.88001919	232215.00000000	0.00000000	0.00000000
4.89001942	235782.00000000	0.00000000	0.00000000
4.90001965	244637.00000000	0.00000000	0.00000000
4.91001987	243900.00000000	0.00000000	0.00000000
4.92002010	246975.00000000	0.00000000	0.00000000
4.93002033	248820.00000000	0.00000000	0.00000000
4.94002056	227050.00000000	0.00000000	0.00000000
4.95002079	247098.00000000	0.00000000	0.00000000
4.96002102	244515.00000000	0.00000000	0.00000000
4.97002125	239718.00000000	0.00000000	0.00000000
4.98002148	224589.00000000	0.00000000	0.00000000
4.99002171	230370.00000000	0.00000000	0.00000000
5.00002193	226310.00000000	0.00000000	0.00000000
5.01002216	220899.00000000	0.00000000	0.00000000
5.02002239	220530.00000000	0.00000000	0.00000000
5.03002262	220530.00000000	0.00000000	0.00000000
5.04002285	221145.00000000	0.00000000	0.00000000
5.05002308	232583.00000000	0.00000000	0.00000000
5.06002331	225081.00000000	0.00000000	0.00000000
5.07002354	230246.00000000	0.00000000	0.00000000
5.08002377	233691.00000000	0.00000000	0.00000000
5.09002399	241563.00000000	0.00000000	0.00000000
5.10002422	245622.00000000	0.00000000	0.00000000
5.11002445	248205.00000000	0.00000000	0.00000000
5.12002468	266039.00000000	0.00000000	0.00000000
5.13002491	248697.00000000	0.00000000	0.00000000
5.14002514	247959.00000000	0.00000000	0.00000000
5.15002537	245990.00000000	0.00000000	0.00000000
5.16002560	241809.00000000	0.00000000	0.00000000
5.17002583	257552.00000000	0.00000000	0.00000000
5.18002605	230247.00000000	0.00000000	0.00000000
5.19002628	226802.00000000	0.00000000	0.00000000
5.20002651	223113.00000000	0.00000000	0.00000000
5.21002674	189043.00000000	0.00000000	0.00000000
5.22002697	219669.00000000	0.00000000	0.00000000
5.23002720	220407.00000000	0.00000000	0.00000000
5.24002743	222621.00000000	0.00000000	0.00000000
5.25002766	227172.00000000	0.00000000	0.00000000
5.26002789	223975.00000000	0.00000000	0.00000000
5.27002811	238734.00000000	0.00000000	0.00000000
5.28002834	241686.00000000	0.00000000	0.00000000
5.29002857	249435.00000000	0.00000000	0.00000000
5.30002880	248820.00000000	0.00000000	0.00000000
5.31002903	249804.00000000	0.00000000	0.00000000
5.32002926	260996.00000000	0.00000000	0.00000000
5.33002949	245868.00000000	0.00000000	0.00000000
5.34002972	241317.00000000	0.00000000	0.00000000
5.35002995	237012.00000000	0.00000000	0.00000000
5.36003017	232215.00000000	0.00000000	0.00000000
5.37003040	210199.00000000	0.00000000	0.00000000
5.38003063	224097.00000000	0.00000000	0.00000000
5.39003086	223727.00000000	0.00000000	0.00000000
5.40003109	219423.00000000	0.00000000	0.00000000
5.41003132	219792.00000000	0.00000000	0.00000000
5.42003155	223236.00000000	0.00000000	0.00000000
5.43003178	225204.00000000	0.00000000	0.00000000
5.44003201	228893.00000000	0.00000000	0.00000000
5.45003223	232707.00000000	0.00000000	0.00000000
5.46003246	237627.00000000	0.00000000	0.00000000
5.47003269	241193.00000000	0.00000000	0.00000000
5.48003292	243408.00000000	0.00000000	0.00000000
5.49003315	255462.00000000	0.00000000	0.00000000
5.50003338	249681.00000000	0.00000000	0.00000000
5.51003361	248327.00000000	0.00000000	0.00000000
5.52003384	247344.00000000	0.00000000	0.00000000
5.53003407	244884.00000000	0.00000000	0.00000000
5.54003429	272926.00000000	0.00000000	0.00000000
5.55003452	237381.00000000	0.00000000	0.00000000
5.56003475	231354.00000000	0.00000000	0.00000000
5.57003498	227541.00000000	0.00000000	0.00000000
5.58003521	231354.00000000	0.00000000	0.00000000
5.59003544	221514.00000000	0.00000000	0.00000000
5.60003567	220530.00000000	0.00000000	0.00000000
5.61003590	220530.00000000	0.00000000	0.00000000
5.62003613	222375.00000000	0.00000000	0.00000000
5.63003635	235659.00000000	0.00000000	0.00000000
5.64003658	229755.00000000	0.00000000	0.00000000
5.65003681	233690.00000000	0.00000000	0.00000000
5.66003704	237381.00000000	0.00000000	0.00000000
5.67003727	219301.00000000	0.00000000	0.00000000
5.68003750	246360.00000000	0.00000000	0.00000000
5.69003773	249066.00000000	0.00000000	0.00000000
5.70003796	248942.00000000	0.00000000	0.00000000
5.71003819	248820.00000000	0.00000000	0.00000000
5.72003841	246237.00000000	0.00000000	0.00000000
5.73003864	244268.00000000	0.00000000	0.00000000
5.74003887	240579.00000000	0.00000000	0.00000000
5.75003910	234183.00000000	0.00000000	0.00000000
5.76003933	229263.00000000	0.00000000	0.00000000
5.77003956	225572.00000000	0.00000000	0.00000000
5.78003979	222129.00000000	0.00000000	0.00000000
5.79004002	220407.00000000	0.00000000	0.00000000
5.80004025	226311.00000000	0.00000000	0.00000000
5.81004047	220530.00000000	0.00000000	0.00000000
5.82004070	222252.00000000	0.00000000	0.00000000
5.83004093	241562.00000000	0.00000000	0.00000000
5.84004116	231969.00000000	0.00000000	0.00000000
5.85004139	236397.00000000	0.00000000	0.00000000
5.86004162	284366.00000000	0.00000000	0.00000000
5.87004185	244269.00000000	0.00000000	0.00000000
5.88004208	246114.00000000	0.00000000	0.00000000
5.89004230	249189.00000000	0.00000000	0.00000000
5.90004253	228033.00000000	0.00000000	0.00000000
5.91004276	248328.00000000	0.00000000	0.00000000
5.92004299	244884.00000000	0.00000000	0.00000000
5.93004322	241071.00000000	0.00000000	0.00000000
5.94004345	237873.00000000	0.00000000	0.00000000
5.95004368	208969.00000000	0.00000000	0.00000000
5.96004391	228033.00000000	0.00000000	0.00000000
5.97004414	224957.00000000	0.00000000	0.00000000
5.98004436	220653.00000000	0.00000000	0.00000000
5.99004459	219177.00000000	0.00000000	0.00000000
6.00004482	221145.00000000	0.00000000	0.00000000
