Position	Counts A	Counts B	Counts AB
3.00999999	224342.00000000	0.00000000	0.00000000
3.01999998	211182.00000000	0.00000000	0.00000000
3.02999997	246112.00000000	0.00000000	0.00000000
3.03999996	213888.00000000	0.00000000	0.00000000
3.04999995	216963.00000000	0.00000000	0.00000000
3.05999994	221022.00000000	0.00000000	0.00000000
3.06999993	207493.00000000	0.00000000	0.00000000
3.07999992	234182.00000000	0.00000000	0.00000000
3.08999991	239472.00000000	0.00000000	0.00000000
3.09999990	244884.00000000	0.00000000	0.00000000
3.10999990	248205.00000000	0.00000000	0.00000000
3.11999989	249312.00000000	0.00000000	0.00000000
3.12999988	249435.00000000	0.00000000	0.00000000
3.13999987	248205.00000000	0.00000000	0.00000000
3.14999986	244761.00000000	0.00000000	0.00000000
3.15999985	239717.00000000	0.00000000	0.00000000
3.16999984	221760.00000000	0.00000000	0.00000000
3.17999983	225573.00000000	0.00000000	0.00000000
3.18999982	219546.00000000	0.00000000	0.00000000
3.19999981	219053.00000000	0.00000000	0.00000000
3.20999980	212780.00000000	0.00000000	0.00000000
3.21999979	212166.00000000	0.00000000	0.00000000
3.22999978	213027.00000000	0.00000000	0.00000000
3.23999977	217332.00000000	0.00000000	0.00000000
3.24999976	221145.00000000	0.00000000	0.00000000
3.25999975	226926.00000000	0.00000000	0.00000000
3.26999974	238979.00000000	0.00000000	0.00000000
3.27999973	238488.00000000	0.00000000	0.00000000
3.28999972	244023.00000000	0.00000000	0.00000000
3.29999971	247466.00000000	0.00000000	0.00000000
3.30999970	266900.00000000	0.00000000	0.00000000
3.31999969	249558.00000000	0.00000000	0.00000000
3.32999969	247098.00000000	0.00000000	0.00000000
3.33999968	242670.00000000	0.00000000	0.00000000
3.34999967	237750.00000000	0.00000000	0.00000000
3.35999966	232460.00000000	0.00000000	0.00000000
3.36999965	226803.00000000	0.00000000	0.00000000
3.37999964	220161.00000000	0.00000000	0.00000000
3.38999963	205032.00000000	0.00000000	0.00000000
3.39999962	212166.00000000	0.00000000	0.00000000
3.40999961	211304.00000000	0.00000000	0.00000000
3.41999960	212904.00000000	0.00000000	0.00000000
3.42999959	223728.00000000	0.00000000	0.00000000
3.43999958	219546.00000000	0.00000000	0.00000000
3.44999957	224589.00000000	0.00000000	0.00000000
3.45999956	230985.00000000	0.00000000	0.00000000
3.46999955	239594.00000000	0.00000000	0.00000000
3.47999954	244023.00000000	0.00000000	0.00000000
3.48999953	248574.00000000	0.00000000	0.00000000
3.49999952	249066.00000000	0.00000000	0.00000000
3.50999951	253248.00000000	0.00000000	0.00000000
3.51999950	248205.00000000	0.00000000	0.00000000
3.52999949	243777.00000000	0.00000000	0.00000000
3.53999949	240087.00000000	0.00000000	0.00000000
3.54999948	207862.00000000	0.00000000	0.00000000
3.55999947	225204.00000000	0.00000000	0.00000000
3.56999946	220161.00000000	0.00000000	0.00000000
3.57999945	214626.00000000	0.00000000	0.00000000
3.58999944	206262.00000000	0.00000000	0.00000000
3.59999943	212289.00000000	0.00000000	0.00000000
3.60999942	212165.00000000	0.00000000	0.00000000
3.61999941	216102.00000000	0.00000000	0.00000000
3.62999940	220899.00000000	0.00000000	0.00000000
3.63999939	226803.00000000	0.00000000	0.00000000
3.64999938	233568.00000000	0.00000000	0.00000000
3.65999937	239348.00000000	0.00000000	0.00000000
3.66999936	259890.00000000	0.00000000	0.00000000
3.67999935	247590.00000000	0.00000000	0.00000000
3.68999934	249311.00000000	0.00000000	0.00000000
3.69999933	249681.00000000	0.00000000	0.00000000
3.70999932	248328.00000000	0.00000000	0.00000000
3.71999931	259644.00000000	0.00000000	0.00000000
3.72999930	237626.00000000	0.00000000	0.00000000
3.73999929	233076.00000000	0.00000000	0.00000000
3.74999928	226680.00000000	0.00000000	0.00000000
3.75999928	215364.00000000	0.00000000	0.00000000
3.76999927	200605.00000000	0.00000000	0.00000000
3.77999926	213765.00000000	0.00000000	0.00000000
3.78999925	210935.00000000	0.00000000	0.00000000
3.79999924	212166.00000000	0.00000000	0.00000000
3.80999923	206017.00000000	0.00000000	0.00000000
3.81999922	221268.00000000	0.00000000	0.00000000
3.82999921	226680.00000000	0.00000000	0.00000000
3.83999920	232092.00000000	0.00000000	0.00000000
3.84999919	279937.00000000	0.00000000	0.00000000
3.85999918	242178.00000000	0.00000000	0.00000000
3.86999917	247098.00000000	0.00000000	0.00000000
3.87999916	249065.00000000	0.00000000	0.00000000
3.88999915	277478.00000000	0.00000000	0.00000000
3.89999914	247590.00000000	0.00000000	0.00000000
3.90999913	243654.00000000	0.00000000	0.00000000
3.91999912	239102.00000000	0.00000000	0.00000000
3.92999911	234798.00000000	0.00000000	0.00000000
3.93999910	203433.00000000	0.00000000	0.00000000
3.94999909	222990.00000000	0.00000000	0.00000000
3.95999908	217947.00000000	0.00000000	0.00000000
3.96999907	212412.00000000	0.00000000	0.00000000
3.97999907	212166.00000000	0.00000000	0.00000000
3.98999906	212534.00000000	0.00000000	0.00000000
3.99999905	213888.00000000	0.00000000	0.00000000
4.00999928	216594.00000000	0.00000000	0.00000000
4.01999950	203557.00000000	0.00000000	0.00000000
4.02999973	227418.00000000	0.00000000	0.00000000
4.03999996	233445.00000000	0.00000000	0.00000000
4.05000019	256323.00000000	0.00000000	0.00000000
4.06000042	245253.00000000	0.00000000	0.00000000
4.07000065	248697.00000000	0.00000000	0.00000000
4.08000088	249804.00000000	0.00000000	0.00000000
4.09000111	234429.00000000	0.00000000	0.00000000
4.10000134	246729.00000000	0.00000000	0.00000000
4.11000156	241317.00000000	0.00000000	0.00000000
4.12000179	237258.00000000	0.00000000	0.00000000
4.13000202	240086.00000000	0.00000000	0.00000000
4.14000225	228279.00000000	0.00000000	0.00000000
4.15000248	223728.00000000	0.00000000	0.00000000
4.16000271	217332.00000000	0.00000000	0.00000000
4.17000294	213272.00000000	0.00000000	0.00000000
4.18000317	212412.00000000	0.00000000	0.00000000
4.19000340	231968.00000000	0.00000000	0.00000000
4.20000362	214749.00000000	0.00000000	0.00000000
4.21000385	216594.00000000	0.00000000	0.00000000
4.22000408	221391.00000000	0.00000000	0.00000000
4.23000431	230247.00000000	0.00000000	0.00000000
4.24000454	233075.00000000	0.00000000	0.00000000
4.25000477	238488.00000000	0.00000000	0.00000000
4.26000500	244515.00000000	0.00000000	0.00000000
4.27000523	241071.00000000	0.00000000	0.00000000
4.28000546	249312.00000000	0.00000000	0.00000000
4.29000568	248697.00000000	0.00000000	0.00000000
4.30000591	245007.00000000	0.00000000	0.00000000
4.31000614	220407.00000000	0.00000000	0.00000000
4.32000637	230985.00000000	0.00000000	0.00000000
4.33000660	225696.00000000	0.00000000	0.00000000
4.34000683	223113.00000000	0.00000000	0.00000000
4.35000706	219054.00000000	0.00000000	0.00000000
4.36000729	199743.00000000	0.00000000	0.00000000
4.37000751	213641.00000000	0.00000000	0.00000000
4.38000774	212166.00000000	0.00000000	0.00000000
4.39000797	213888.00000000	0.00000000	0.00000000
4.40000820	219177.00000000	0.00000000	0.00000000
4.41000843	225450.00000000	0.00000000	0.00000000
4.42000866	231231.00000000	0.00000000	0.00000000
4.43000889	237995.00000000	0.00000000	0.00000000
4.44000912	230493.00000000	0.00000000	0.00000000
4.45000935	247836.00000000	0.00000000	0.00000000
4.46000957	250295.00000000	0.00000000	0.00000000
4.47000980	236028.00000000	0.00000000	0.00000000
4.48001003	247467.00000000	0.00000000	0.00000000
4.49001026	240825.00000000	0.00000000	0.00000000
4.50001049	234305.00000000	0.00000000	0.00000000
4.51001072	205279.00000000	0.00000000	0.00000000
4.52001095	222866.00000000	0.00000000	0.00000000
4.53001118	218808.00000000	0.00000000	0.00000000
4.54001141	216225.00000000	0.00000000	0.00000000
4.55001163	203433.00000000	0.00000000	0.00000000
4.56001186	212289.00000000	0.00000000	0.00000000
4.57001209	213518.00000000	0.00000000	0.00000000
4.58001232	215364.00000000	0.00000000	0.00000000
4.59001255	222006.00000000	0.00000000	0.00000000
4.60001278	228402.00000000	0.00000000	0.00000000
4.61001301	233199.00000000	0.00000000	0.00000000
4.62001324	255954.00000000	0.00000000	0.00000000
4.63001347	247220.00000000	0.00000000	0.00000000
4.64001369	250665.00000000	0.00000000	0.00000000
4.65001392	253125.00000000	0.00000000	0.00000000
4.66001415	248328.00000000	0.00000000	0.00000000
4.67001438	246236.00000000	0.00000000	0.00000000
4.68001461	241563.00000000	0.00000000	0.00000000
4.69001484	236520.00000000	0.00000000	0.00000000
4.70001507	242546.00000000	0.00000000	0.00000000
4.71001530	222867.00000000	0.00000000	0.00000000
4.72001553	218439.00000000	0.00000000	0.00000000
4.73001575	215364.00000000	0.00000000	0.00000000
4.74001598	258412.00000000	0.00000000	0.00000000
4.75001621	212781.00000000	0.00000000	0.00000000
4.76001644	213765.00000000	0.00000000	0.00000000
4.77001667	222005.00000000	0.00000000	0.00000000
4.78001690	222990.00000000	0.00000000	0.00000000
4.79001713	229140.00000000	0.00000000	0.00000000
4.80001736	235905.00000000	0.00000000	0.00000000
4.81001759	245990.00000000	0.00000000	0.00000000
4.82001781	245868.00000000	0.00000000	0.00000000
4.83001804	249681.00000000	0.00000000	0.00000000
4.84001827	250419.00000000	0.00000000	0.00000000
4.85001850	267269.00000000	0.00000000	0.00000000
4.86001873	244269.00000000	0.00000000	0.00000000
4.87001896	240210.00000000	0.00000000	0.00000000
4.88001919	235044.00000000	0.00000000	0.00000000
4.89001942	196423.00000000	0.00000000	0.00000000
4.90001965	223728.00000000	0.00000000	0.00000000
4.91001987	218807.00000000	0.00000000	0.00000000
4.92002010	214749.00000000	0.00000000	0.00000000
4.93002033	229139.00000000	0.00000000	0.00000000
4.94002056	211920.00000000	0.00000000	0.00000000
4.95002079	214503.00000000	0.00000000	0.00000000
4.96002102	216716.00000000	0.00000000	0.00000000
4.97002125	222498.00000000	0.00000000	0.00000000
4.98002148	214626.00000000	0.00000000	0.00000000
4.99002171	232584.00000000	0.00000000	0.00000000
5.00002193	237996.00000000	0.00000000	0.00000000
5.01002216	241317.00000000	0.00000000	0.00000000
5.02002239	248328.00000000	0.00000000	0.00000000
5.03002262	249803.00000000	0.00000000	0.00000000
5.04002285	249435.00000000	0.00000000	0.00000000
5.05002308	248451.00000000	0.00000000	0.00000000
5.06002331	245253.00000000	0.00000000	0.00000000
5.07002354	241809.00000000	0.00000000	0.00000000
5.08002377	236397.00000000	0.00000000	0.00000000
5.09002399	229263.00000000	0.00000000	0.00000000
5.10002422	224588.00000000	0.00000000	0.00000000
5.11002445	218438.00000000	0.00000000	0.00000000
5.12002468	214749.00000000	0.00000000	0.00000000
5.13002491	213396.00000000	0.00000000	0.00000000
5.14002514	212043.00000000	0.00000000	0.00000000
5.15002537	214133.00000000	0.00000000	0.00000000
5.16002560	215855.00000000	0.00000000	0.00000000
5.17002583	220899.00000000	0.00000000	0.00000000
5.18002605	226311.00000000	0.00000000	0.00000000
5.19002628	232338.00000000	0.00000000	0.00000000
5.20002651	240210.00000000	0.00000000	0.00000000
5.21002674	243899.00000000	0.00000000	0.00000000
5.22002697	247467.00000000	0.00000000	0.00000000
5.23002720	262104.00000000	0.00000000	0.00000000
5.24002743	250296.00000000	0.00000000	0.00000000
5.25002766	248942.00000000	0.00000000	0.00000000
5.26002789	245499.00000000	0.00000000	0.00000000
5.27002811	240702.00000000	0.00000000	0.00000000
5.28002834	263824.00000000	0.00000000	0.00000000
5.29002857	225450.00000000	0.00000000	0.00000000
5.30002880	219669.00000000	0.00000000	0.00000000
5.31002903	215733.00000000	0.00000000	0.00000000
5.32002926	212781.00000000	0.00000000	0.00000000
5.33002949	211920.00000000	0.00000000	0.00000000
5.34002972	212535.00000000	0.00000000	0.00000000
5.35002995	246358.00000000	0.00000000	0.00000000
5.36003017	222867.00000000	0.00000000	0.00000000
5.37003040	228279.00000000	0.00000000	0.00000000
5.38003063	233076.00000000	0.00000000	0.00000000
5.39003086	239226.00000000	0.00000000	0.00000000
5.40003109	249803.00000000	0.00000000	0.00000000
5.41003132	247467.00000000	0.00000000	0.00000000
5.42003155	250050.00000000	0.00000000	0.00000000
5.43003178	266162.00000000	0.00000000	0.00000000
5.44003201	246483.00000000	0.00000000	0.00000000
5.45003223	243162.00000000	0.00000000	0.00000000
5.46003246	238119.00000000	0.00000000	0.00000000
5.47003269	243777.00000000	0.00000000	0.00000000
5.48003292	226803.00000000	0.00000000	0.00000000
5.49003315	221759.00000000	0.00000000	0.00000000
5.50003338	216348.00000000	0.00000000	0.00000000
5.51003361	213765.00000000	0.00000000	0.00000000
5.52003384	219176.00000000	0.00000000	0.00000000
5.53003407	212289.00000000	0.00000000	0.00000000
5.54003429	215978.00000000	0.00000000	0.00000000
5.55003452	220899.00000000	0.00000000	0.00000000
5.56003475	225942.00000000	0.00000000	0.00000000
5.57003498	232338.00000000	0.00000000	0.00000000
5.58003521	238611.00000000	0.00000000	0.00000000
5.59003544	243285.00000000	0.00000000	0.00000000
5.60003567	246729.00000000	0.00000000	0.00000000
5.61003590	249927.00000000	0.00000000	0.00000000
5.62003613	285472.00000000	0.00000000	0.00000000
5.63003635	245622.00000000	0.00000000	0.00000000
5.64003658	241563.00000000	0.00000000	0.00000000
5.65003681	235167.00000000	0.00000000	0.00000000
5.66003704	229877.00000000	0.00000000	0.00000000
5.67003727	196423.00000000	0.00000000	0.00000000
5.68003750	217331.00000000	0.00000000	0.00000000
5.69003773	213642.00000000	0.00000000	0.00000000
5.70003796	212043.00000000	0.00000000	0.00000000
5.71003819	206262.00000000	0.00000000	0.00000000
5.72003841	213519.00000000	0.00000000	0.00000000
5.73003864	215978.00000000	0.00000000	0.00000000
5.74003887	220284.00000000	0.00000000	0.00000000
5.75003910	224220.00000000	0.00000000	0.00000000
5.76003933	238733.00000000	0.00000000	0.00000000
5.77003956	235659.00000000	0.00000000	0.00000000
5.78003979	239718.00000000	0.00000000	0.00000000
5.79004002	267268.00000000	0.00000000	0.00000000
5.80004025	248820.00000000	0.00000000	0.00000000
5.81004047	249435.00000000	0.00000000	0.00000000
5.82004070	249189.00000000	0.00000000	0.00000000
5.83004093	245253.00000000	0.00000000	0.00000000
5.84004116	222621.00000000	0.00000000	0.00000000
5.85004139	235167.00000000	0.00000000	0.00000000
5.86004162	230001.00000000	0.00000000	0.00000000
5.87004185	222743.00000000	0.00000000	0.00000000
5.88004208	226433.00000000	0.00000000	0.00000000
5.89004230	213642.00000000	0.00000000	0.00000000
5.90004253	211920.00000000	0.00000000	0.00000000
5.91004276	212288.00000000	0.00000000	0.00000000
5.92004299	214134.00000000	0.00000000	0.00000000
5.93004322	233198.00000000	0.00000000	0.00000000
5.94004345	223482.00000000	0.00000000	0.00000000
5.95004368	264685.00000000	0.00000000	0.00000000
5.96004391	235413.00000000	0.00000000	0.00000000
5.97004414	241440.00000000	0.00000000	0.00000000
5.98004436	245744.00000000	0.00000000	0.00000000
5.99004459	226681.00000000	0.00000000	0.00000000
6.00004482	250788.00000000	0.00000000	0.00000000
