Position	Counts A	Counts B	Counts AB
3.00999999	225326.00000000	0.00000000	0.00000000
3.01999998	247836.00000000	0.00000000	0.00000000
3.02999997	268869.00000000	0.00000000	0.00000000
3.03999996	289533.00000000	0.00000000	0.00000000
3.04999995	303801.00000000	0.00000000	0.00000000
3.05999994	287811.00000000	0.00000000	0.00000000
3.06999993	310688.00000000	0.00000000	0.00000000
3.07999992	288917.00000000	0.00000000	0.00000000
3.08999991	266778.00000000	0.00000000	0.00000000
3.09999990	241809.00000000	0.00000000	0.00000000
3.10999990	208476.00000000	0.00000000	0.00000000
3.11999989	150053.00000000	0.00000000	0.00000000
3.12999988	134924.00000000	0.00000000	0.00000000
3.13999987	151526.00000000	0.00000000	0.00000000
3.14999986	137996.00000000	0.00000000	0.00000000
3.15999985	138489.00000000	0.00000000	0.00000000
3.16999984	145500.00000000	0.00000000	0.00000000
3.17999983	160875.00000000	0.00000000	0.00000000
3.18999982	180309.00000000	0.00000000	0.00000000
3.19999981	251401.00000000	0.00000000	0.00000000
3.20999980	230124.00000000	0.00000000	0.00000000
3.21999979	262718.00000000	0.00000000	0.00000000
3.22999978	285966.00000000	0.00000000	0.00000000
3.23999977	299865.00000000	0.00000000	0.00000000
3.24999976	308967.00000000	0.00000000	0.00000000
3.25999975	284490.00000000	0.00000000	0.00000000
3.26999974	307244.00000000	0.00000000	0.00000000
3.27999973	294576.00000000	0.00000000	0.00000000
3.28999972	275142.00000000	0.00000000	0.00000000
3.29999971	253247.00000000	0.00000000	0.00000000
3.30999970	236273.00000000	0.00000000	0.00000000
3.31999969	190641.00000000	0.00000000	0.00000000
3.32999969	169239.00000000	0.00000000	0.00000000
3.33999968	149927.00000000	0.00000000	0.00000000
3.34999967	139227.00000000	0.00000000	0.00000000
3.35999966	139350.00000000	0.00000000	0.00000000
3.36999965	147345.00000000	0.00000000	0.00000000
3.37999964	162351.00000000	0.00000000	0.00000000
3.38999963	241683.00000000	0.00000000	0.00000000
3.39999962	212044.00000000	0.00000000	0.00000000
3.40999961	231847.00000000	0.00000000	0.00000000
3.41999960	275757.00000000	0.00000000	0.00000000
3.42999959	294453.00000000	0.00000000	0.00000000
3.43999958	298635.00000000	0.00000000	0.00000000
3.44999957	311673.00000000	0.00000000	0.00000000
3.45999956	306506.00000000	0.00000000	0.00000000
3.46999955	271206.00000000	0.00000000	0.00000000
3.47999954	222007.00000000	0.00000000	0.00000000
3.48999953	234798.00000000	0.00000000	0.00000000
3.49999952	207492.00000000	0.00000000	0.00000000
3.50999951	181908.00000000	0.00000000	0.00000000
3.51999950	159398.00000000	0.00000000	0.00000000
3.52999949	145377.00000000	0.00000000	0.00000000
3.53999949	138120.00000000	0.00000000	0.00000000
3.54999948	170959.00000000	0.00000000	0.00000000
3.55999947	158415.00000000	0.00000000	0.00000000
3.56999946	178464.00000000	0.00000000	0.00000000
3.57999945	201219.00000000	0.00000000	0.00000000
3.58999944	224096.00000000	0.00000000	0.00000000
3.59999943	290023.00000000	0.00000000	0.00000000
3.60999942	272190.00000000	0.00000000	0.00000000
3.61999941	313763.00000000	0.00000000	0.00000000
3.62999940	308352.00000000	0.00000000	0.00000000
3.63999939	310197.00000000	0.00000000	0.00000000
3.64999938	303678.00000000	0.00000000	0.00000000
3.65999937	283506.00000000	0.00000000	0.00000000
3.66999936	272559.00000000	0.00000000	0.00000000
3.67999935	247836.00000000	0.00000000	0.00000000
3.68999934	222743.00000000	0.00000000	0.00000000
3.69999933	194945.00000000	0.00000000	0.00000000
3.70999932	169977.00000000	0.00000000	0.00000000
3.71999931	152633.00000000	0.00000000	0.00000000
3.72999930	137996.00000000	0.00000000	0.00000000
3.73999929	140703.00000000	0.00000000	0.00000000
3.74999928	151527.00000000	0.00000000	0.00000000
3.75999928	167025.00000000	0.00000000	0.00000000
3.76999927	190395.00000000	0.00000000	0.00000000
3.77999926	276862.00000000	0.00000000	0.00000000
3.78999925	243531.00000000	0.00000000	0.00000000
3.79999924	267885.00000000	0.00000000	0.00000000
3.80999923	322127.00000000	0.00000000	0.00000000
3.81999922	307491.00000000	0.00000000	0.00000000
3.82999921	310074.00000000	0.00000000	0.00000000
3.83999920	305646.00000000	0.00000000	0.00000000
3.84999919	294083.00000000	0.00000000	0.00000000
3.85999918	276495.00000000	0.00000000	0.00000000
3.86999917	254601.00000000	0.00000000	0.00000000
3.87999916	256444.00000000	0.00000000	0.00000000
3.88999915	192240.00000000	0.00000000	0.00000000
3.89999914	170715.00000000	0.00000000	0.00000000
3.90999913	152019.00000000	0.00000000	0.00000000
3.91999912	141932.00000000	0.00000000	0.00000000
3.92999911	139473.00000000	0.00000000	0.00000000
3.93999910	145623.00000000	0.00000000	0.00000000
3.94999909	174035.00000000	0.00000000	0.00000000
3.95999908	179325.00000000	0.00000000	0.00000000
3.96999907	230616.00000000	0.00000000	0.00000000
3.97999907	246113.00000000	0.00000000	0.00000000
3.98999906	271698.00000000	0.00000000	0.00000000
3.99999905	293100.00000000	0.00000000	0.00000000
4.00999928	305277.00000000	0.00000000	0.00000000
4.01999950	291747.00000000	0.00000000	0.00000000
4.02999973	308721.00000000	0.00000000	0.00000000
4.03999996	276126.00000000	0.00000000	0.00000000
4.05000019	235659.00000000	0.00000000	0.00000000
4.06000042	237750.00000000	0.00000000	0.00000000
4.07000065	207738.00000000	0.00000000	0.00000000
4.08000088	181047.00000000	0.00000000	0.00000000
4.09000111	161367.00000000	0.00000000	0.00000000
4.10000134	147221.00000000	0.00000000	0.00000000
4.11000156	139473.00000000	0.00000000	0.00000000
4.12000179	133078.00000000	0.00000000	0.00000000
4.13000202	160014.00000000	0.00000000	0.00000000
4.14000225	182892.00000000	0.00000000	0.00000000
4.15000248	210567.00000000	0.00000000	0.00000000
4.16000271	235290.00000000	0.00000000	0.00000000
4.17000294	299494.00000000	0.00000000	0.00000000
4.18000317	279939.00000000	0.00000000	0.00000000
4.19000340	317945.00000000	0.00000000	0.00000000
4.20000362	309705.00000000	0.00000000	0.00000000
4.21000385	308721.00000000	0.00000000	0.00000000
4.22000408	299742.00000000	0.00000000	0.00000000
4.23000431	277725.00000000	0.00000000	0.00000000
4.24000454	266900.00000000	0.00000000	0.00000000
4.25000477	242547.00000000	0.00000000	0.00000000
4.26000500	227171.00000000	0.00000000	0.00000000
4.27000523	204417.00000000	0.00000000	0.00000000
4.28000546	173789.00000000	0.00000000	0.00000000
4.29000568	147837.00000000	0.00000000	0.00000000
4.30000591	139719.00000000	0.00000000	0.00000000
4.31000614	142178.00000000	0.00000000	0.00000000
4.32000637	150912.00000000	0.00000000	0.00000000
4.33000660	171453.00000000	0.00000000	0.00000000
4.34000683	191994.00000000	0.00000000	0.00000000
4.35000706	214872.00000000	0.00000000	0.00000000
4.36000729	242301.00000000	0.00000000	0.00000000
4.37000751	321635.00000000	0.00000000	0.00000000
4.38000774	297896.00000000	0.00000000	0.00000000
4.39000797	308844.00000000	0.00000000	0.00000000
4.40000820	309459.00000000	0.00000000	0.00000000
4.41000843	278709.00000000	0.00000000	0.00000000
4.42000866	286457.00000000	0.00000000	0.00000000
4.43000889	264687.00000000	0.00000000	0.00000000
4.44000912	240210.00000000	0.00000000	0.00000000
4.45000935	237011.00000000	0.00000000	0.00000000
4.46000957	173790.00000000	0.00000000	0.00000000
4.47000980	155463.00000000	0.00000000	0.00000000
4.48001003	144762.00000000	0.00000000	0.00000000
4.49001026	140334.00000000	0.00000000	0.00000000
4.50001049	145130.00000000	0.00000000	0.00000000
4.51001072	162474.00000000	0.00000000	0.00000000
4.52001095	177726.00000000	0.00000000	0.00000000
4.53001118	214380.00000000	0.00000000	0.00000000
4.54001141	231969.00000000	0.00000000	0.00000000
4.55001163	267024.00000000	0.00000000	0.00000000
4.56001186	288425.00000000	0.00000000	0.00000000
4.57001209	325941.00000000	0.00000000	0.00000000
4.58001232	307491.00000000	0.00000000	0.00000000
4.59001255	306384.00000000	0.00000000	0.00000000
4.60001278	269239.00000000	0.00000000	0.00000000
4.61001301	266532.00000000	0.00000000	0.00000000
4.62001324	246237.00000000	0.00000000	0.00000000
4.63001347	222620.00000000	0.00000000	0.00000000
4.64001369	197406.00000000	0.00000000	0.00000000
4.65001392	173667.00000000	0.00000000	0.00000000
4.66001415	156078.00000000	0.00000000	0.00000000
4.67001438	144024.00000000	0.00000000	0.00000000
4.68001461	130494.00000000	0.00000000	0.00000000
4.69001484	147591.00000000	0.00000000	0.00000000
4.70001507	161858.00000000	0.00000000	0.00000000
4.71001530	180678.00000000	0.00000000	0.00000000
4.72001553	204171.00000000	0.00000000	0.00000000
4.73001575	229263.00000000	0.00000000	0.00000000
4.74001598	254601.00000000	0.00000000	0.00000000
4.75001621	276618.00000000	0.00000000	0.00000000
4.76001644	294207.00000000	0.00000000	0.00000000
4.77001667	304293.00000000	0.00000000	0.00000000
4.78001690	307245.00000000	0.00000000	0.00000000
4.79001713	295068.00000000	0.00000000	0.00000000
4.80001736	279324.00000000	0.00000000	0.00000000
4.81001759	258168.00000000	0.00000000	0.00000000
4.82001781	234920.00000000	0.00000000	0.00000000
4.83001804	182155.00000000	0.00000000	0.00000000
4.84001827	139352.00000000	0.00000000	0.00000000
4.85001850	167270.00000000	0.00000000	0.00000000
4.86001873	140088.00000000	0.00000000	0.00000000
4.87001896	140457.00000000	0.00000000	0.00000000
4.88001919	144270.00000000	0.00000000	0.00000000
4.89001942	153740.00000000	0.00000000	0.00000000
4.90001965	171576.00000000	0.00000000	0.00000000
4.91001987	193347.00000000	0.00000000	0.00000000
4.92002010	279321.00000000	0.00000000	0.00000000
4.93002033	242178.00000000	0.00000000	0.00000000
4.94002056	264195.00000000	0.00000000	0.00000000
4.95002079	285597.00000000	0.00000000	0.00000000
4.96002102	302816.00000000	0.00000000	0.00000000
4.97002125	308229.00000000	0.00000000	0.00000000
4.98002148	305277.00000000	0.00000000	0.00000000
4.99002171	296544.00000000	0.00000000	0.00000000
5.00002193	279692.00000000	0.00000000	0.00000000
5.01002216	255708.00000000	0.00000000	0.00000000
5.02002239	231723.00000000	0.00000000	0.00000000
5.03002262	192977.00000000	0.00000000	0.00000000
5.04002285	169239.00000000	0.00000000	0.00000000
5.05002308	152880.00000000	0.00000000	0.00000000
5.06002331	143040.00000000	0.00000000	0.00000000
5.07002354	141810.00000000	0.00000000	0.00000000
5.08002377	146360.00000000	0.00000000	0.00000000
5.09002399	197404.00000000	0.00000000	0.00000000
5.10002422	175266.00000000	0.00000000	0.00000000
5.11002445	208476.00000000	0.00000000	0.00000000
5.12002468	230124.00000000	0.00000000	0.00000000
5.13002491	253494.00000000	0.00000000	0.00000000
5.14002514	310072.00000000	0.00000000	0.00000000
5.15002537	290394.00000000	0.00000000	0.00000000
5.16002560	302817.00000000	0.00000000	0.00000000
5.17002583	308352.00000000	0.00000000	0.00000000
5.18002605	305892.00000000	0.00000000	0.00000000
5.19002628	288918.00000000	0.00000000	0.00000000
5.20002651	269238.00000000	0.00000000	0.00000000
5.21002674	245867.00000000	0.00000000	0.00000000
5.22002697	199498.00000000	0.00000000	0.00000000
5.23002720	154726.00000000	0.00000000	0.00000000
5.24002743	116720.00000000	0.00000000	0.00000000
5.25002766	118442.00000000	0.00000000	0.00000000
5.26002789	137505.00000000	0.00000000	0.00000000
5.27002811	142671.00000000	0.00000000	0.00000000
5.28002834	150050.00000000	0.00000000	0.00000000
5.29002857	166287.00000000	0.00000000	0.00000000
5.30002880	187074.00000000	0.00000000	0.00000000
5.31002903	235043.00000000	0.00000000	0.00000000
5.32002926	234429.00000000	0.00000000	0.00000000
5.33002949	257799.00000000	0.00000000	0.00000000
5.34002972	313516.00000000	0.00000000	0.00000000
5.35002995	303308.00000000	0.00000000	0.00000000
5.36003017	307737.00000000	0.00000000	0.00000000
5.37003040	306261.00000000	0.00000000	0.00000000
5.38003063	296667.00000000	0.00000000	0.00000000
5.39003086	280923.00000000	0.00000000	0.00000000
5.40003109	260996.00000000	0.00000000	0.00000000
5.41003132	242915.00000000	0.00000000	0.00000000
5.42003155	195683.00000000	0.00000000	0.00000000
5.43003178	174282.00000000	0.00000000	0.00000000
5.44003201	156201.00000000	0.00000000	0.00000000
5.45003223	145869.00000000	0.00000000	0.00000000
5.46003246	142056.00000000	0.00000000	0.00000000
5.47003269	168622.00000000	0.00000000	0.00000000
5.48003292	159891.00000000	0.00000000	0.00000000
5.49003315	190886.00000000	0.00000000	0.00000000
5.50003338	216594.00000000	0.00000000	0.00000000
5.51003361	242301.00000000	0.00000000	0.00000000
5.52003384	263211.00000000	0.00000000	0.00000000
5.53003407	295805.00000000	0.00000000	0.00000000
5.54003429	297158.00000000	0.00000000	0.00000000
5.55003452	304293.00000000	0.00000000	0.00000000
5.56003475	297405.00000000	0.00000000	0.00000000
5.57003498	296913.00000000	0.00000000	0.00000000
5.58003521	281784.00000000	0.00000000	0.00000000
5.59003544	261858.00000000	0.00000000	0.00000000
5.60003567	238119.00000000	0.00000000	0.00000000
5.61003590	213026.00000000	0.00000000	0.00000000
5.62003613	188550.00000000	0.00000000	0.00000000
5.63003635	166533.00000000	0.00000000	0.00000000
5.64003658	138982.00000000	0.00000000	0.00000000
5.65003681	122869.00000000	0.00000000	0.00000000
5.66003704	143778.00000000	0.00000000	0.00000000
5.67003727	160260.00000000	0.00000000	0.00000000
5.68003750	180677.00000000	0.00000000	0.00000000
5.69003773	205893.00000000	0.00000000	0.00000000
5.70003796	230247.00000000	0.00000000	0.00000000
5.71003819	255831.00000000	0.00000000	0.00000000
5.72003841	306382.00000000	0.00000000	0.00000000
5.73003864	293961.00000000	0.00000000	0.00000000
5.74003887	324957.00000000	0.00000000	0.00000000
5.75003910	305277.00000000	0.00000000	0.00000000
5.76003933	293838.00000000	0.00000000	0.00000000
5.77003956	275019.00000000	0.00000000	0.00000000
5.78003979	247589.00000000	0.00000000	0.00000000
5.79004002	204048.00000000	0.00000000	0.00000000
5.80004025	183875.00000000	0.00000000	0.00000000
5.81004047	169607.00000000	0.00000000	0.00000000
5.82004070	106143.00000000	0.00000000	0.00000000
5.83004093	153125.00000000	0.00000000	0.00000000
5.84004116	147222.00000000	0.00000000	0.00000000
5.85004139	158538.00000000	0.00000000	0.00000000
5.86004162	176003.00000000	0.00000000	0.00000000
5.87004185	196299.00000000	0.00000000	0.00000000
5.88004208	221760.00000000	0.00000000	0.00000000
5.89004230	251526.00000000	0.00000000	0.00000000
5.90004253	270222.00000000	0.00000000	0.00000000
5.91004276	352384.00000000	0.00000000	0.00000000
5.92004299	301094.00000000	0.00000000	0.00000000
5.93004322	307121.00000000	0.00000000	0.00000000
5.94004345	302694.00000000	0.00000000	0.00000000
5.95004368	290517.00000000	0.00000000	0.00000000
5.96004391	276495.00000000	0.00000000	0.00000000
5.97004414	215488.00000000	0.00000000	0.00000000
5.98004436	211552.00000000	0.00000000	0.00000000
5.99004459	217946.00000000	0.00000000	0.00000000
6.00004482	195192.00000000	0.00000000	0.00000000
