Position	Counts A	Counts B	Counts AB
3.00999999	211797.00000000	0.00000000	0.00000000
3.01999998	225081.00000000	0.00000000	0.00000000
3.02999997	236028.00000000	0.00000000	0.00000000
3.03999996	247959.00000000	0.00000000	0.00000000
3.04999995	260628.00000000	0.00000000	0.00000000
3.05999994	261489.00000000	0.00000000	0.00000000
3.06999993	273420.00000000	0.00000000	0.00000000
3.07999992	270591.00000000	0.00000000	0.00000000
3.08999991	264564.00000000	0.00000000	0.00000000
3.09999990	243286.00000000	0.00000000	0.00000000
3.10999990	243162.00000000	0.00000000	0.00000000
3.11999989	229631.00000000	0.00000000	0.00000000
3.12999988	204417.00000000	0.00000000	0.00000000
3.13999987	189288.00000000	0.00000000	0.00000000
3.14999986	178956.00000000	0.00000000	0.00000000
3.15999985	172191.00000000	0.00000000	0.00000000
3.16999984	169361.00000000	0.00000000	0.00000000
3.17999983	171576.00000000	0.00000000	0.00000000
3.18999982	215485.00000000	0.00000000	0.00000000
3.19999981	191502.00000000	0.00000000	0.00000000
3.20999980	211797.00000000	0.00000000	0.00000000
3.21999979	228033.00000000	0.00000000	0.00000000
3.22999978	242177.00000000	0.00000000	0.00000000
3.23999977	256077.00000000	0.00000000	0.00000000
3.24999976	266532.00000000	0.00000000	0.00000000
3.25999975	264318.00000000	0.00000000	0.00000000
3.26999974	272559.00000000	0.00000000	0.00000000
3.27999973	269852.00000000	0.00000000	0.00000000
3.28999972	258537.00000000	0.00000000	0.00000000
3.29999971	245744.00000000	0.00000000	0.00000000
3.30999970	231231.00000000	0.00000000	0.00000000
3.31999969	216594.00000000	0.00000000	0.00000000
3.32999969	201957.00000000	0.00000000	0.00000000
3.33999968	138491.00000000	0.00000000	0.00000000
3.34999967	131234.00000000	0.00000000	0.00000000
3.35999966	170469.00000000	0.00000000	0.00000000
3.36999965	169977.00000000	0.00000000	0.00000000
3.37999964	176865.00000000	0.00000000	0.00000000
3.38999963	190272.00000000	0.00000000	0.00000000
3.39999962	205032.00000000	0.00000000	0.00000000
3.40999961	222006.00000000	0.00000000	0.00000000
3.41999960	249434.00000000	0.00000000	0.00000000
3.42999959	250911.00000000	0.00000000	0.00000000
3.43999958	262719.00000000	0.00000000	0.00000000
3.44999957	270714.00000000	0.00000000	0.00000000
3.45999956	264687.00000000	0.00000000	0.00000000
3.46999955	269115.00000000	0.00000000	0.00000000
3.47999954	261120.00000000	0.00000000	0.00000000
3.48999953	248327.00000000	0.00000000	0.00000000
3.49999952	230492.00000000	0.00000000	0.00000000
3.50999951	220406.00000000	0.00000000	0.00000000
3.51999950	204909.00000000	0.00000000	0.00000000
3.52999949	190271.00000000	0.00000000	0.00000000
3.53999949	174036.00000000	0.00000000	0.00000000
3.54999948	169731.00000000	0.00000000	0.00000000
3.55999947	168746.00000000	0.00000000	0.00000000
3.56999946	173052.00000000	0.00000000	0.00000000
3.57999945	182523.00000000	0.00000000	0.00000000
3.58999944	234673.00000000	0.00000000	0.00000000
3.59999943	209583.00000000	0.00000000	0.00000000
3.60999942	245867.00000000	0.00000000	0.00000000
3.61999941	233814.00000000	0.00000000	0.00000000
3.62999940	259889.00000000	0.00000000	0.00000000
3.63999939	268377.00000000	0.00000000	0.00000000
3.64999938	283136.00000000	0.00000000	0.00000000
3.65999937	272559.00000000	0.00000000	0.00000000
3.66999936	266900.00000000	0.00000000	0.00000000
3.67999935	253002.00000000	0.00000000	0.00000000
3.68999934	231354.00000000	0.00000000	0.00000000
3.69999933	213764.00000000	0.00000000	0.00000000
3.70999932	195684.00000000	0.00000000	0.00000000
3.71999931	181170.00000000	0.00000000	0.00000000
3.72999930	172314.00000000	0.00000000	0.00000000
3.73999929	174651.00000000	0.00000000	0.00000000
3.74999928	168747.00000000	0.00000000	0.00000000
3.75999928	179202.00000000	0.00000000	0.00000000
3.76999927	191747.00000000	0.00000000	0.00000000
3.77999926	205278.00000000	0.00000000	0.00000000
3.78999925	220407.00000000	0.00000000	0.00000000
3.79999924	293589.00000000	0.00000000	0.00000000
3.80999923	251649.00000000	0.00000000	0.00000000
3.81999922	263457.00000000	0.00000000	0.00000000
3.82999921	277601.00000000	0.00000000	0.00000000
3.83999920	273051.00000000	0.00000000	0.00000000
3.84999919	269484.00000000	0.00000000	0.00000000
3.85999918	259767.00000000	0.00000000	0.00000000
3.86999917	247712.00000000	0.00000000	0.00000000
3.87999916	231723.00000000	0.00000000	0.00000000
3.88999915	213027.00000000	0.00000000	0.00000000
3.89999914	200480.00000000	0.00000000	0.00000000
3.90999913	205645.00000000	0.00000000	0.00000000
3.91999912	172068.00000000	0.00000000	0.00000000
3.92999911	168009.00000000	0.00000000	0.00000000
3.93999910	168624.00000000	0.00000000	0.00000000
3.94999909	174281.00000000	0.00000000	0.00000000
3.95999908	182892.00000000	0.00000000	0.00000000
3.96999907	181909.00000000	0.00000000	0.00000000
3.97999907	207984.00000000	0.00000000	0.00000000
3.98999906	222006.00000000	0.00000000	0.00000000
3.99999905	244761.00000000	0.00000000	0.00000000
4.00999928	255216.00000000	0.00000000	0.00000000
4.01999950	265424.00000000	0.00000000	0.00000000
4.02999973	321265.00000000	0.00000000	0.00000000
4.03999996	275142.00000000	0.00000000	0.00000000
4.05000019	271452.00000000	0.00000000	0.00000000
4.06000042	265301.00000000	0.00000000	0.00000000
4.07000065	252879.00000000	0.00000000	0.00000000
4.08000088	227910.00000000	0.00000000	0.00000000
4.09000111	212903.00000000	0.00000000	0.00000000
4.10000134	196299.00000000	0.00000000	0.00000000
4.11000156	183630.00000000	0.00000000	0.00000000
4.12000179	173298.00000000	0.00000000	0.00000000
4.13000202	168501.00000000	0.00000000	0.00000000
4.14000225	166656.00000000	0.00000000	0.00000000
4.15000248	182769.00000000	0.00000000	0.00000000
4.16000271	191747.00000000	0.00000000	0.00000000
4.17000294	207369.00000000	0.00000000	0.00000000
4.18000317	224712.00000000	0.00000000	0.00000000
4.19000340	283135.00000000	0.00000000	0.00000000
4.20000362	256938.00000000	0.00000000	0.00000000
4.21000385	267639.00000000	0.00000000	0.00000000
4.22000408	273543.00000000	0.00000000	0.00000000
4.23000431	273050.00000000	0.00000000	0.00000000
4.24000454	266286.00000000	0.00000000	0.00000000
4.25000477	254355.00000000	0.00000000	0.00000000
4.26000500	237996.00000000	0.00000000	0.00000000
4.27000523	220038.00000000	0.00000000	0.00000000
4.28000546	160507.00000000	0.00000000	0.00000000
4.29000568	187443.00000000	0.00000000	0.00000000
4.30000591	176004.00000000	0.00000000	0.00000000
4.31000614	174404.00000000	0.00000000	0.00000000
4.32000637	168624.00000000	0.00000000	0.00000000
4.33000660	175266.00000000	0.00000000	0.00000000
4.34000683	185475.00000000	0.00000000	0.00000000
4.35000706	199127.00000000	0.00000000	0.00000000
4.36000729	251893.00000000	0.00000000	0.00000000
4.37000751	231354.00000000	0.00000000	0.00000000
4.38000774	248205.00000000	0.00000000	0.00000000
4.39000797	280676.00000000	0.00000000	0.00000000
4.40000820	273051.00000000	0.00000000	0.00000000
4.41000843	276494.00000000	0.00000000	0.00000000
4.42000866	272805.00000000	0.00000000	0.00000000
4.43000889	276125.00000000	0.00000000	0.00000000
4.44000912	253371.00000000	0.00000000	0.00000000
4.45000935	240455.00000000	0.00000000	0.00000000
4.46000957	224097.00000000	0.00000000	0.00000000
4.47000980	201219.00000000	0.00000000	0.00000000
4.48001003	188426.00000000	0.00000000	0.00000000
4.49001026	177357.00000000	0.00000000	0.00000000
4.50001049	170100.00000000	0.00000000	0.00000000
4.51001072	168132.00000000	0.00000000	0.00000000
4.52001095	158907.00000000	0.00000000	0.00000000
4.53001118	173175.00000000	0.00000000	0.00000000
4.54001141	183507.00000000	0.00000000	0.00000000
4.55001163	203063.00000000	0.00000000	0.00000000
4.56001186	219177.00000000	0.00000000	0.00000000
4.57001209	235044.00000000	0.00000000	0.00000000
4.58001232	261734.00000000	0.00000000	0.00000000
4.59001255	262103.00000000	0.00000000	0.00000000
4.60001278	271206.00000000	0.00000000	0.00000000
4.61001301	298757.00000000	0.00000000	0.00000000
4.62001324	274773.00000000	0.00000000	0.00000000
4.63001347	266778.00000000	0.00000000	0.00000000
4.64001369	252756.00000000	0.00000000	0.00000000
4.65001392	237504.00000000	0.00000000	0.00000000
4.66001415	219792.00000000	0.00000000	0.00000000
4.67001438	203309.00000000	0.00000000	0.00000000
4.68001461	187935.00000000	0.00000000	0.00000000
4.69001484	141320.00000000	0.00000000	0.00000000
4.70001507	168992.00000000	0.00000000	0.00000000
4.71001530	172928.00000000	0.00000000	0.00000000
4.72001553	173421.00000000	0.00000000	0.00000000
4.73001575	184737.00000000	0.00000000	0.00000000
4.74001598	198635.00000000	0.00000000	0.00000000
4.75001621	215241.00000000	0.00000000	0.00000000
4.76001644	236766.00000000	0.00000000	0.00000000
4.77001667	247589.00000000	0.00000000	0.00000000
4.78001690	261735.00000000	0.00000000	0.00000000
4.79001713	261858.00000000	0.00000000	0.00000000
4.80001736	275880.00000000	0.00000000	0.00000000
4.81001759	273173.00000000	0.00000000	0.00000000
4.82001781	264687.00000000	0.00000000	0.00000000
4.83001804	252756.00000000	0.00000000	0.00000000
4.84001827	238118.00000000	0.00000000	0.00000000
4.85001850	221637.00000000	0.00000000	0.00000000
4.86001873	196668.00000000	0.00000000	0.00000000
4.87001896	181539.00000000	0.00000000	0.00000000
4.88001919	171944.00000000	0.00000000	0.00000000
4.89001942	166656.00000000	0.00000000	0.00000000
4.90001965	167148.00000000	0.00000000	0.00000000
4.91001987	172191.00000000	0.00000000	0.00000000
4.92002010	233934.00000000	0.00000000	0.00000000
4.93002033	197406.00000000	0.00000000	0.00000000
4.94002056	213889.00000000	0.00000000	0.00000000
4.95002079	255707.00000000	0.00000000	0.00000000
4.96002102	255708.00000000	0.00000000	0.00000000
4.97002125	267393.00000000	0.00000000	0.00000000
4.98002148	274281.00000000	0.00000000	0.00000000
4.99002171	276248.00000000	0.00000000	0.00000000
5.00002193	273297.00000000	0.00000000	0.00000000
5.01002216	264810.00000000	0.00000000	0.00000000
5.02002239	252264.00000000	0.00000000	0.00000000
5.03002262	236642.00000000	0.00000000	0.00000000
5.04002285	240578.00000000	0.00000000	0.00000000
5.05002308	194331.00000000	0.00000000	0.00000000
5.06002331	181169.00000000	0.00000000	0.00000000
5.07002354	171453.00000000	0.00000000	0.00000000
5.08002377	166533.00000000	0.00000000	0.00000000
5.09002399	166656.00000000	0.00000000	0.00000000
5.10002422	172560.00000000	0.00000000	0.00000000
5.11002445	183384.00000000	0.00000000	0.00000000
5.12002468	195930.00000000	0.00000000	0.00000000
5.13002491	232953.00000000	0.00000000	0.00000000
5.14002514	236643.00000000	0.00000000	0.00000000
5.15002537	251157.00000000	0.00000000	0.00000000
5.16002560	264564.00000000	0.00000000	0.00000000
5.17002583	288548.00000000	0.00000000	0.00000000
5.18002605	258537.00000000	0.00000000	0.00000000
5.19002628	274773.00000000	0.00000000	0.00000000
5.20002651	268623.00000000	0.00000000	0.00000000
5.21002674	258291.00000000	0.00000000	0.00000000
5.22002697	249065.00000000	0.00000000	0.00000000
5.23002720	216471.00000000	0.00000000	0.00000000
5.24002743	199866.00000000	0.00000000	0.00000000
5.25002766	184121.00000000	0.00000000	0.00000000
5.26002789	173175.00000000	0.00000000	0.00000000
5.27002811	167394.00000000	0.00000000	0.00000000
5.28002834	165549.00000000	0.00000000	0.00000000
5.29002857	163459.00000000	0.00000000	0.00000000
5.30002880	178956.00000000	0.00000000	0.00000000
5.31002903	199374.00000000	0.00000000	0.00000000
5.32002926	214748.00000000	0.00000000	0.00000000
5.33002949	231600.00000000	0.00000000	0.00000000
5.34002972	254601.00000000	0.00000000	0.00000000
5.35002995	261735.00000000	0.00000000	0.00000000
5.36003017	271574.00000000	0.00000000	0.00000000
5.37003040	298512.00000000	0.00000000	0.00000000
5.38003063	285966.00000000	0.00000000	0.00000000
5.39003086	267392.00000000	0.00000000	0.00000000
5.40003109	253371.00000000	0.00000000	0.00000000
5.41003132	238488.00000000	0.00000000	0.00000000
5.42003155	223113.00000000	0.00000000	0.00000000
5.43003178	166657.00000000	0.00000000	0.00000000
5.44003201	190271.00000000	0.00000000	0.00000000
5.45003223	177849.00000000	0.00000000	0.00000000
5.46003246	171822.00000000	0.00000000	0.00000000
5.47003269	165795.00000000	0.00000000	0.00000000
5.48003292	171576.00000000	0.00000000	0.00000000
5.49003315	181539.00000000	0.00000000	0.00000000
5.50003338	196299.00000000	0.00000000	0.00000000
5.51003361	211181.00000000	0.00000000	0.00000000
5.52003384	225573.00000000	0.00000000	0.00000000
5.53003407	240579.00000000	0.00000000	0.00000000
5.54003429	256814.00000000	0.00000000	0.00000000
5.55003452	273174.00000000	0.00000000	0.00000000
5.56003475	277479.00000000	0.00000000	0.00000000
5.57003498	276863.00000000	0.00000000	0.00000000
5.58003521	271944.00000000	0.00000000	0.00000000
5.59003544	261243.00000000	0.00000000	0.00000000
5.60003567	225204.00000000	0.00000000	0.00000000
5.61003590	232337.00000000	0.00000000	0.00000000
5.62003613	213642.00000000	0.00000000	0.00000000
5.63003635	194822.00000000	0.00000000	0.00000000
5.64003658	170961.00000000	0.00000000	0.00000000
5.65003681	166287.00000000	0.00000000	0.00000000
5.66003704	165672.00000000	0.00000000	0.00000000
5.67003727	169977.00000000	0.00000000	0.00000000
5.68003750	180801.00000000	0.00000000	0.00000000
5.69003773	195437.00000000	0.00000000	0.00000000
5.70003796	212289.00000000	0.00000000	0.00000000
5.71003819	230001.00000000	0.00000000	0.00000000
5.72003841	257307.00000000	0.00000000	0.00000000
5.73003864	268992.00000000	0.00000000	0.00000000
5.74003887	276126.00000000	0.00000000	0.00000000
5.75003910	277971.00000000	0.00000000	0.00000000
5.76003933	280062.00000000	0.00000000	0.00000000
5.77003956	264564.00000000	0.00000000	0.00000000
5.78003979	253248.00000000	0.00000000	0.00000000
5.79004002	236519.00000000	0.00000000	0.00000000
5.80004025	197776.00000000	0.00000000	0.00000000
5.81004047	194085.00000000	0.00000000	0.00000000
5.82004070	179817.00000000	0.00000000	0.00000000
5.83004093	170837.00000000	0.00000000	0.00000000
5.84004116	164688.00000000	0.00000000	0.00000000
5.85004139	165180.00000000	0.00000000	0.00000000
5.86004162	181907.00000000	0.00000000	0.00000000
5.87004185	183754.00000000	0.00000000	0.00000000
5.88004208	219792.00000000	0.00000000	0.00000000
5.89004230	227418.00000000	0.00000000	0.00000000
5.90004253	244268.00000000	0.00000000	0.00000000
5.91004276	259644.00000000	0.00000000	0.00000000
5.92004299	269484.00000000	0.00000000	0.00000000
5.93004322	275880.00000000	0.00000000	0.00000000
5.94004345	276617.00000000	0.00000000	0.00000000
5.95004368	273420.00000000	0.00000000	0.00000000
5.96004391	268131.00000000	0.00000000	0.00000000
5.97004414	246605.00000000	0.00000000	0.00000000
5.98004436	231354.00000000	0.00000000	0.00000000
5.99004459	213273.00000000	0.00000000	0.00000000
6.00004482	195561.00000000	0.00000000	0.00000000
